9.983699999999999797e-01
9.983689999999999509e-01
9.983689999999999509e-01
9.983689999999999509e-01
9.983689999999999509e-01
9.983680000000000332e-01
9.983680000000000332e-01
9.983680000000000332e-01
9.983670000000000044e-01
9.983670000000000044e-01
9.983670000000000044e-01
9.983659999999999757e-01
9.983659999999999757e-01
9.983659999999999757e-01
9.983659999999999757e-01
9.983649999999999469e-01
9.983649999999999469e-01
9.983649999999999469e-01
9.983640000000000292e-01
9.983640000000000292e-01
9.983640000000000292e-01
9.983640000000000292e-01
9.983630000000000004e-01
9.983630000000000004e-01
9.983630000000000004e-01
9.983619999999999717e-01
9.983619999999999717e-01
9.983619999999999717e-01
9.983619999999999717e-01
9.983610000000000539e-01
9.983610000000000539e-01
9.983610000000000539e-01
9.983600000000000252e-01
9.983600000000000252e-01
9.983600000000000252e-01
9.983600000000000252e-01
9.983589999999999964e-01
9.983589999999999964e-01
9.983589999999999964e-01
9.983579999999999677e-01
9.983579999999999677e-01
9.983579999999999677e-01
9.983579999999999677e-01
9.983570000000000499e-01
9.983570000000000499e-01
9.983570000000000499e-01
9.983560000000000212e-01
9.983560000000000212e-01
9.983560000000000212e-01
9.983560000000000212e-01
9.983549999999999924e-01
9.983549999999999924e-01
9.983549999999999924e-01
9.983539999999999637e-01
9.983539999999999637e-01
9.983539999999999637e-01
9.983539999999999637e-01
9.983530000000000459e-01
9.983530000000000459e-01
9.983530000000000459e-01
9.983520000000000172e-01
9.983520000000000172e-01
9.983520000000000172e-01
9.983520000000000172e-01
9.983509999999999884e-01
9.983509999999999884e-01
9.983509999999999884e-01
9.983499999999999597e-01
9.983499999999999597e-01
9.983499999999999597e-01
9.983499999999999597e-01
9.983490000000000419e-01
9.983490000000000419e-01
9.983490000000000419e-01
9.983480000000000132e-01
9.983480000000000132e-01
9.983480000000000132e-01
9.983480000000000132e-01
9.983469999999999844e-01
9.983469999999999844e-01
9.983469999999999844e-01
9.983459999999999557e-01
9.983459999999999557e-01
9.983459999999999557e-01
9.983459999999999557e-01
9.983450000000000379e-01
9.983450000000000379e-01
9.983450000000000379e-01
9.983440000000000092e-01
9.983440000000000092e-01
9.983440000000000092e-01
9.983440000000000092e-01
9.983429999999999804e-01
9.983429999999999804e-01
9.983429999999999804e-01
9.983419999999999517e-01
9.983419999999999517e-01
9.983419999999999517e-01
9.983419999999999517e-01
9.983410000000000339e-01
9.983410000000000339e-01
9.983410000000000339e-01
9.983410000000000339e-01
9.983400000000000052e-01
9.983400000000000052e-01
9.983400000000000052e-01
9.983389999999999764e-01
9.983389999999999764e-01
9.983389999999999764e-01
9.983389999999999764e-01
9.983379999999999477e-01
9.983379999999999477e-01
9.983379999999999477e-01
9.983370000000000299e-01
9.983370000000000299e-01
9.983370000000000299e-01
9.983370000000000299e-01
9.983360000000000012e-01
9.983360000000000012e-01
9.983360000000000012e-01
9.983349999999999724e-01
9.983349999999999724e-01
9.983349999999999724e-01
9.983349999999999724e-01
9.983340000000000547e-01
9.983340000000000547e-01
9.983340000000000547e-01
9.983340000000000547e-01
9.983330000000000259e-01
9.983330000000000259e-01
9.983330000000000259e-01
9.983319999999999972e-01
9.983319999999999972e-01
9.983319999999999972e-01
9.983319999999999972e-01
9.983309999999999684e-01
9.983309999999999684e-01
9.983309999999999684e-01
9.983309999999999684e-01
9.983300000000000507e-01
9.983300000000000507e-01
9.983300000000000507e-01
9.983290000000000219e-01
9.983290000000000219e-01
9.983290000000000219e-01
9.983290000000000219e-01
9.983279999999999932e-01
9.983279999999999932e-01
9.983279999999999932e-01
9.983269999999999644e-01
9.983269999999999644e-01
9.983269999999999644e-01
9.983269999999999644e-01
9.983260000000000467e-01
9.983260000000000467e-01
9.983260000000000467e-01
9.983260000000000467e-01
9.983250000000000179e-01
9.983250000000000179e-01
9.983250000000000179e-01
9.983239999999999892e-01
9.983239999999999892e-01
9.983239999999999892e-01
9.983239999999999892e-01
9.983229999999999604e-01
9.983229999999999604e-01
9.983220000000000427e-01
9.981470000000000065e-01
9.978709999999999525e-01
9.975199999999999623e-01
9.971609999999999641e-01
9.967759999999999954e-01
9.964330000000000132e-01
9.961250000000000382e-01
9.959590000000000387e-01
9.959400000000000475e-01
9.959259999999999780e-01
9.959120000000000195e-01
9.959010000000000362e-01
9.958900000000000530e-01
9.958810000000000162e-01
9.958709999999999507e-01
9.958630000000000537e-01
9.958550000000000457e-01
9.958479999999999555e-01
9.958409999999999762e-01
9.958339999999999970e-01
9.958280000000000465e-01
9.958219999999999850e-01
9.958160000000000345e-01
9.958110000000000017e-01
9.958059999999999690e-01
9.958010000000000472e-01
9.957960000000000145e-01
9.957909999999999817e-01
9.957869999999999777e-01
9.957829999999999737e-01
9.957789999999999697e-01
9.958179999999999810e-01
9.959620000000000140e-01
9.961649999999999672e-01
9.963819999999999899e-01
9.966150000000000286e-01
9.968059999999999699e-01
9.969270000000000076e-01
9.969310000000000116e-01
9.968150000000000066e-01
9.966209999999999791e-01
9.963849999999999651e-01
9.961579999999999879e-01
9.959449999999999692e-01
9.957899999999999530e-01
9.957350000000000367e-01
9.957319999999999505e-01
9.957300000000000040e-01
9.957279999999999465e-01
9.957260000000000000e-01
9.957240000000000535e-01
9.957219999999999960e-01
9.957209999999999672e-01
9.957190000000000207e-01
9.957169999999999632e-01
9.957160000000000455e-01
9.957139999999999880e-01
9.957129999999999592e-01
9.957110000000000127e-01
9.957099999999999840e-01
9.957089999999999552e-01
9.957070000000000087e-01
9.957059999999999800e-01
9.957049999999999512e-01
9.957040000000000335e-01
9.957030000000000047e-01
9.957019999999999760e-01
9.957009999999999472e-01
9.957000000000000295e-01
9.956990000000000007e-01
9.956979999999999720e-01
9.956970000000000542e-01
9.956960000000000255e-01
9.956949999999999967e-01
9.956949999999999967e-01
9.956949999999999967e-01
9.956949999999999967e-01
9.956939999999999680e-01
9.956939999999999680e-01
9.956939999999999680e-01
9.956930000000000502e-01
9.956930000000000502e-01
9.956930000000000502e-01
9.956930000000000502e-01
9.956920000000000215e-01
9.956920000000000215e-01
9.956920000000000215e-01
9.956920000000000215e-01
9.956909999999999927e-01
9.956909999999999927e-01
9.956909999999999927e-01
9.956909999999999927e-01
9.956899999999999640e-01
9.956899999999999640e-01
9.956909999999999927e-01
9.956909999999999927e-01
9.956920000000000215e-01
9.956920000000000215e-01
9.956930000000000502e-01
9.956930000000000502e-01
9.956939999999999680e-01
9.956939999999999680e-01
9.956949999999999967e-01
9.956949999999999967e-01
9.956960000000000255e-01
9.956970000000000542e-01
9.956979999999999720e-01
9.956990000000000007e-01
9.957000000000000295e-01
9.957009999999999472e-01
9.957019999999999760e-01
9.957019999999999760e-01
9.957040000000000335e-01
9.957049999999999512e-01
9.957059999999999800e-01
9.957070000000000087e-01
9.957089999999999552e-01
9.957099999999999840e-01
9.957120000000000415e-01
9.957129999999999592e-01
9.957150000000000167e-01
9.957169999999999632e-01
9.957190000000000207e-01
9.957209999999999672e-01
9.957230000000000247e-01
9.957249999999999712e-01
9.957270000000000287e-01
9.957289999999999752e-01
9.957319999999999505e-01
9.957340000000000080e-01
9.957369999999999832e-01
9.957399999999999585e-01
9.957420000000000160e-01
9.957449999999999912e-01
9.957489999999999952e-01
9.957519999999999705e-01
9.957549999999999457e-01
9.957589999999999497e-01
9.957629999999999537e-01
9.957669999999999577e-01
9.957709999999999617e-01
9.957749999999999657e-01
9.957799999999999985e-01
9.957850000000000312e-01
9.957899999999999530e-01
9.957949999999999857e-01
9.958010000000000472e-01
9.958069999999999977e-01
9.958139999999999770e-01
9.958209999999999562e-01
9.958280000000000465e-01
9.958360000000000545e-01
9.958449999999999802e-01
9.958540000000000170e-01
9.958650000000000002e-01
9.958759999999999835e-01
9.958890000000000242e-01
9.959029999999999827e-01
9.959240000000000315e-01
9.961149999999999727e-01
9.964309999999999556e-01
9.967770000000000241e-01
9.971619999999999928e-01
9.975190000000000445e-01
9.978639999999999732e-01
9.981309999999999905e-01
9.982790000000000274e-01
9.982790000000000274e-01
9.982779999999999987e-01
9.982779999999999987e-01
9.982779999999999987e-01
9.982779999999999987e-01
9.982769999999999699e-01
9.982769999999999699e-01
9.982769999999999699e-01
9.982769999999999699e-01
9.982760000000000522e-01
9.982760000000000522e-01
9.982760000000000522e-01
9.982760000000000522e-01
9.982750000000000234e-01
9.982750000000000234e-01
9.982750000000000234e-01
9.982750000000000234e-01
9.982739999999999947e-01
9.982739999999999947e-01
9.982739999999999947e-01
9.982739999999999947e-01
9.982729999999999659e-01
9.982729999999999659e-01
9.982729999999999659e-01
9.982729999999999659e-01
9.982720000000000482e-01
9.982720000000000482e-01
9.982720000000000482e-01
9.982720000000000482e-01
9.982710000000000194e-01
9.982710000000000194e-01
9.982710000000000194e-01
9.982710000000000194e-01
9.982699999999999907e-01
9.982699999999999907e-01
9.982699999999999907e-01
9.982699999999999907e-01
9.982689999999999619e-01
9.982689999999999619e-01
9.982689999999999619e-01
9.982689999999999619e-01
9.982680000000000442e-01
9.982680000000000442e-01
9.982680000000000442e-01
9.982680000000000442e-01
9.982670000000000154e-01
9.982670000000000154e-01
9.982670000000000154e-01
9.982670000000000154e-01
9.982659999999999867e-01
9.982659999999999867e-01
9.982659999999999867e-01
9.982659999999999867e-01
9.982649999999999579e-01
9.982649999999999579e-01
9.982649999999999579e-01
9.982649999999999579e-01
9.982640000000000402e-01
9.982640000000000402e-01
9.982640000000000402e-01
9.982640000000000402e-01
9.982630000000000114e-01
9.982630000000000114e-01
9.982630000000000114e-01
9.982630000000000114e-01
9.982619999999999827e-01
9.982619999999999827e-01
9.982619999999999827e-01
9.982619999999999827e-01
9.982609999999999539e-01
9.982609999999999539e-01
9.982609999999999539e-01
9.982609999999999539e-01
9.982600000000000362e-01
9.982600000000000362e-01
9.982600000000000362e-01
9.982600000000000362e-01
9.982590000000000074e-01
9.982590000000000074e-01
9.982590000000000074e-01
9.982590000000000074e-01
9.982590000000000074e-01
9.982579999999999787e-01
9.982579999999999787e-01
9.982579999999999787e-01
9.982579999999999787e-01
9.982569999999999499e-01
9.982569999999999499e-01
9.982569999999999499e-01
9.982569999999999499e-01
9.982560000000000322e-01
9.982560000000000322e-01
9.982560000000000322e-01
9.982560000000000322e-01
9.982550000000000034e-01
9.982550000000000034e-01
9.982550000000000034e-01
9.982550000000000034e-01
9.982539999999999747e-01
9.982539999999999747e-01
9.982539999999999747e-01
9.982539999999999747e-01
9.982529999999999459e-01
9.982529999999999459e-01
9.982529999999999459e-01
9.982529999999999459e-01
9.982520000000000282e-01
9.982520000000000282e-01
9.982520000000000282e-01
9.982520000000000282e-01
9.982520000000000282e-01
9.982509999999999994e-01
9.982509999999999994e-01
9.982509999999999994e-01
9.982509999999999994e-01
9.982499999999999707e-01
9.982499999999999707e-01
9.982499999999999707e-01
9.982499999999999707e-01
9.982490000000000530e-01
9.982490000000000530e-01
9.982490000000000530e-01
9.982490000000000530e-01
9.982480000000000242e-01
9.982480000000000242e-01
9.982480000000000242e-01
9.982480000000000242e-01
9.982469999999999954e-01
9.982469999999999954e-01
9.982469999999999954e-01
9.982469999999999954e-01
9.982459999999999667e-01
9.982459999999999667e-01
9.982459999999999667e-01
9.982459999999999667e-01
9.982459999999999667e-01
9.982450000000000490e-01
9.982450000000000490e-01
9.982450000000000490e-01
9.982450000000000490e-01
9.982440000000000202e-01
9.982440000000000202e-01
9.982440000000000202e-01
9.982440000000000202e-01
9.982429999999999914e-01
9.982429999999999914e-01
9.982429999999999914e-01
9.982429999999999914e-01
9.982419999999999627e-01
9.982419999999999627e-01
9.982419999999999627e-01
9.982419999999999627e-01
9.982419999999999627e-01
9.982410000000000450e-01
9.982410000000000450e-01
9.982410000000000450e-01
9.982410000000000450e-01
9.982400000000000162e-01
9.982400000000000162e-01
9.982400000000000162e-01
9.982400000000000162e-01
9.982389999999999874e-01
9.982389999999999874e-01
9.982389999999999874e-01
9.982389999999999874e-01
9.982379999999999587e-01
