1.000000000000000000e+00
1.000000000000000000e+00
1.000000000000000000e+00
1.000000000000000000e+00
1.000000000000000000e+00
1.000000000000000000e+00
1.000000000000000000e+00
1.000000000000000000e+00
1.000000000000000000e+00
1.000000000000000000e+00
1.000000000000000000e+00
1.000000000000000000e+00
1.000000000000000000e+00
1.000000000000000000e+00
1.000000000000000000e+00
1.000000000000000000e+00
1.000000000000000000e+00
1.000000000000000000e+00
1.000000000000000000e+00
1.000000000000000000e+00
1.000000000000000000e+00
1.000000000000000000e+00
1.000000000000000000e+00
1.000000000000000000e+00
1.000000000000000000e+00
1.000000000000000000e+00
1.000000000000000000e+00
1.000000000000000000e+00
1.000000000000000000e+00
1.000000000000000000e+00
1.000000000000000000e+00
1.000000000000000000e+00
1.000000000000000000e+00
1.000000000000000000e+00
1.000000000000000000e+00
1.000000000000000000e+00
1.000000000000000000e+00
1.000000000000000000e+00
1.000000000000000000e+00
1.000000000000000000e+00
1.000000000000000000e+00
1.000000000000000000e+00
1.000000000000000000e+00
1.000000000000000000e+00
1.000000000000000000e+00
1.000000000000000000e+00
1.000000000000000000e+00
1.000000000000000000e+00
1.000000000000000000e+00
1.000000000000000000e+00
1.000000000000000000e+00
1.000000000000000000e+00
1.000000000000000000e+00
1.000000000000000000e+00
1.000000000000000000e+00
1.000000000000000000e+00
1.000000000000000000e+00
1.000000000000000000e+00
1.000000000000000000e+00
1.000000000000000000e+00
1.000000000000000000e+00
1.000000000000000000e+00
1.000000000000000000e+00
1.000000000000000000e+00
1.000000000000000000e+00
1.000000000000000000e+00
1.000000000000000000e+00
1.000000000000000000e+00
1.000000000000000000e+00
1.000000000000000000e+00
1.000000000000000000e+00
1.000000000000000000e+00
1.000000000000000000e+00
1.000000000000000000e+00
1.000000000000000000e+00
1.000000000000000000e+00
1.000000000000000000e+00
1.000000000000000000e+00
1.000000000000000000e+00
1.000000000000000000e+00
1.000000000000000000e+00
1.000000000000000000e+00
1.000000000000000000e+00
1.000000000000000000e+00
1.000000000000000000e+00
1.000000000000000000e+00
1.000000000000000000e+00
1.000000000000000000e+00
1.000000000000000000e+00
1.000000000000000000e+00
1.000000000000000000e+00
1.000000000000000000e+00
1.000000000000000000e+00
1.000000000000000000e+00
1.000000000000000000e+00
1.000000000000000000e+00
1.000000000000000000e+00
1.000000000000000000e+00
1.000000000000000000e+00
1.000000000000000000e+00
1.000000000000000000e+00
1.000000000000000000e+00
1.000000000000000000e+00
1.000000000000000000e+00
1.000000000000000000e+00
1.000000000000000000e+00
1.000000000000000000e+00
1.000000000000000000e+00
1.000000000000000000e+00
1.000000000000000000e+00
1.000000000000000000e+00
1.000000000000000000e+00
1.000000000000000000e+00
1.000000000000000000e+00
1.000000000000000000e+00
1.000000000000000000e+00
1.000000000000000000e+00
1.000000000000000000e+00
1.000000000000000000e+00
1.000000000000000000e+00
1.000000000000000000e+00
1.000000000000000000e+00
1.000000000000000000e+00
1.000000000000000000e+00
1.000000000000000000e+00
1.000000000000000000e+00
1.000000000000000000e+00
1.000000000000000000e+00
1.000000000000000000e+00
1.000000000000000000e+00
1.000000000000000000e+00
1.000000000000000000e+00
1.000000000000000000e+00
1.000000000000000000e+00
1.000000000000000000e+00
1.000000000000000000e+00
1.000000000000000000e+00
1.000000000000000000e+00
1.000000000000000000e+00
1.000000000000000000e+00
1.000000000000000000e+00
1.000000000000000000e+00
1.000000000000000000e+00
1.000000000000000000e+00
1.000000000000000000e+00
1.000000000000000000e+00
1.000000000000000000e+00
1.000000000000000000e+00
1.000000000000000000e+00
1.000000000000000000e+00
1.000000000000000000e+00
1.000000000000000000e+00
1.000000000000000000e+00
1.000000000000000000e+00
1.000000000000000000e+00
1.000000000000000000e+00
1.000000000000000000e+00
1.000000000000000000e+00
1.000000000000000000e+00
1.000000000000000000e+00
1.000000000000000000e+00
1.000000000000000000e+00
1.000000000000000000e+00
1.000000000000000000e+00
1.000000000000000000e+00
1.000000000000000000e+00
1.000000000000000000e+00
1.000000000000000000e+00
1.000000000000000000e+00
1.000000000000000000e+00
1.000000000000000000e+00
1.000000000000000000e+00
1.000000000000000000e+00
9.998519999999999630e-01
9.996070000000000233e-01
9.992929999999999868e-01
9.989670000000000494e-01
9.986120000000000552e-01
9.982860000000000067e-01
9.979719999999999702e-01
9.977340000000000098e-01
9.976329999999999920e-01
9.976180000000000048e-01
9.976049999999999640e-01
9.975929999999999520e-01
9.975829999999999975e-01
9.975730000000000430e-01
9.975640000000000063e-01
9.975559999999999983e-01
9.975490000000000190e-01
9.975420000000000398e-01
9.975349999999999495e-01
9.975289999999999990e-01
9.975230000000000485e-01
9.975169999999999870e-01
9.975119999999999543e-01
9.975070000000000325e-01
9.975030000000000285e-01
9.974979999999999958e-01
9.974939999999999918e-01
9.974899999999999878e-01
9.974859999999999838e-01
9.974819999999999798e-01
9.974779999999999758e-01
9.974750000000000005e-01
9.974720000000000253e-01
9.974680000000000213e-01
9.974659999999999638e-01
9.974629999999999885e-01
9.974600000000000133e-01
9.974570000000000380e-01
9.974549999999999805e-01
9.974520000000000053e-01
9.974499999999999478e-01
9.974480000000000013e-01
9.974460000000000548e-01
9.974429999999999685e-01
9.974420000000000508e-01
9.974399999999999933e-01
9.974380000000000468e-01
9.974359999999999893e-01
9.974349999999999605e-01
9.974330000000000140e-01
9.974309999999999565e-01
9.974300000000000388e-01
9.974290000000000100e-01
9.974269999999999525e-01
9.974260000000000348e-01
9.974250000000000060e-01
9.974239999999999773e-01
9.974229999999999485e-01
9.974220000000000308e-01
9.974210000000000020e-01
9.974199999999999733e-01
9.974189999999999445e-01
9.974180000000000268e-01
9.974180000000000268e-01
9.974169999999999980e-01
9.974169999999999980e-01
9.974159999999999693e-01
9.974150000000000515e-01
9.974150000000000515e-01
9.974150000000000515e-01
9.974140000000000228e-01
9.974140000000000228e-01
9.974140000000000228e-01
9.974140000000000228e-01
9.974129999999999940e-01
9.974129999999999940e-01
9.974129999999999940e-01
9.974129999999999940e-01
9.974129999999999940e-01
9.974129999999999940e-01
9.974140000000000228e-01
9.974140000000000228e-01
9.974140000000000228e-01
9.974140000000000228e-01
9.974150000000000515e-01
9.974150000000000515e-01
9.974159999999999693e-01
9.974159999999999693e-01
9.974169999999999980e-01
9.974169999999999980e-01
9.974180000000000268e-01
9.974189999999999445e-01
9.974189999999999445e-01
9.974199999999999733e-01
9.974210000000000020e-01
9.974220000000000308e-01
9.974229999999999485e-01
9.974239999999999773e-01
9.974250000000000060e-01
9.974260000000000348e-01
9.974279999999999813e-01
9.974290000000000100e-01
9.974300000000000388e-01
9.974319999999999853e-01
9.974330000000000140e-01
9.974349999999999605e-01
9.974359999999999893e-01
9.974380000000000468e-01
9.974399999999999933e-01
9.974420000000000508e-01
9.974439999999999973e-01
9.974460000000000548e-01
9.974480000000000013e-01
9.974499999999999478e-01
9.974520000000000053e-01
9.974549999999999805e-01
9.974570000000000380e-01
9.974600000000000133e-01
9.974629999999999885e-01
9.974659999999999638e-01
9.974690000000000500e-01
9.974720000000000253e-01
9.974750000000000005e-01
9.974790000000000045e-01
9.974819999999999798e-01
9.974859999999999838e-01
9.974899999999999878e-01
9.974939999999999918e-01
9.974979999999999958e-01
9.975030000000000285e-01
9.975079999999999503e-01
9.975129999999999830e-01
9.975180000000000158e-01
9.975239999999999663e-01
9.975300000000000278e-01
9.975359999999999783e-01
9.975420000000000398e-01
9.975500000000000478e-01
9.975570000000000270e-01
9.975650000000000350e-01
9.975739999999999608e-01
9.975840000000000263e-01
9.975939999999999808e-01
9.976059999999999928e-01
9.976190000000000335e-01
9.976350000000000495e-01
9.977580000000000338e-01
9.980040000000000022e-01
9.983229999999999604e-01
9.986519999999999841e-01
9.990059999999999496e-01
9.993290000000000228e-01
9.996390000000000553e-01
9.998759999999999870e-01
1.000000000000000000e+00
1.000000000000000000e+00
1.000000000000000000e+00
1.000000000000000000e+00
1.000000000000000000e+00
1.000000000000000000e+00
1.000000000000000000e+00
1.000000000000000000e+00
1.000000000000000000e+00
1.000000000000000000e+00
1.000000000000000000e+00
1.000000000000000000e+00
1.000000000000000000e+00
1.000000000000000000e+00
1.000000000000000000e+00
1.000000000000000000e+00
1.000000000000000000e+00
1.000000000000000000e+00
1.000000000000000000e+00
1.000000000000000000e+00
1.000000000000000000e+00
1.000000000000000000e+00
1.000000000000000000e+00
1.000000000000000000e+00
1.000000000000000000e+00
1.000000000000000000e+00
1.000000000000000000e+00
1.000000000000000000e+00
1.000000000000000000e+00
1.000000000000000000e+00
1.000000000000000000e+00
1.000000000000000000e+00
1.000000000000000000e+00
1.000000000000000000e+00
1.000000000000000000e+00
1.000000000000000000e+00
1.000000000000000000e+00
1.000000000000000000e+00
1.000000000000000000e+00
1.000000000000000000e+00
1.000000000000000000e+00
1.000000000000000000e+00
1.000000000000000000e+00
1.000000000000000000e+00
1.000000000000000000e+00
1.000000000000000000e+00
1.000000000000000000e+00
1.000000000000000000e+00
1.000000000000000000e+00
1.000000000000000000e+00
1.000000000000000000e+00
1.000000000000000000e+00
1.000000000000000000e+00
1.000000000000000000e+00
1.000000000000000000e+00
1.000000000000000000e+00
1.000000000000000000e+00
1.000000000000000000e+00
1.000000000000000000e+00
1.000000000000000000e+00
1.000000000000000000e+00
1.000000000000000000e+00
1.000000000000000000e+00
1.000000000000000000e+00
1.000000000000000000e+00
1.000000000000000000e+00
1.000000000000000000e+00
1.000000000000000000e+00
1.000000000000000000e+00
1.000000000000000000e+00
1.000000000000000000e+00
1.000000000000000000e+00
1.000000000000000000e+00
1.000000000000000000e+00
1.000000000000000000e+00
1.000000000000000000e+00
1.000000000000000000e+00
1.000000000000000000e+00
1.000000000000000000e+00
1.000000000000000000e+00
1.000000000000000000e+00
1.000000000000000000e+00
1.000000000000000000e+00
1.000000000000000000e+00
1.000000000000000000e+00
1.000000000000000000e+00
1.000000000000000000e+00
1.000000000000000000e+00
1.000000000000000000e+00
1.000000000000000000e+00
1.000000000000000000e+00
1.000000000000000000e+00
1.000000000000000000e+00
1.000000000000000000e+00
1.000000000000000000e+00
1.000000000000000000e+00
1.000000000000000000e+00
1.000000000000000000e+00
1.000000000000000000e+00
1.000000000000000000e+00
1.000000000000000000e+00
1.000000000000000000e+00
1.000000000000000000e+00
1.000000000000000000e+00
1.000000000000000000e+00
1.000000000000000000e+00
1.000000000000000000e+00
1.000000000000000000e+00
1.000000000000000000e+00
1.000000000000000000e+00
1.000000000000000000e+00
1.000000000000000000e+00
1.000000000000000000e+00
1.000000000000000000e+00
1.000000000000000000e+00
1.000000000000000000e+00
1.000000000000000000e+00
1.000000000000000000e+00
1.000000000000000000e+00
1.000000000000000000e+00
1.000000000000000000e+00
1.000000000000000000e+00
1.000000000000000000e+00
1.000000000000000000e+00
1.000000000000000000e+00
1.000000000000000000e+00
1.000000000000000000e+00
1.000000000000000000e+00
1.000000000000000000e+00
1.000000000000000000e+00
1.000000000000000000e+00
1.000000000000000000e+00
1.000000000000000000e+00
1.000000000000000000e+00
1.000000000000000000e+00
1.000000000000000000e+00
1.000000000000000000e+00
1.000000000000000000e+00
1.000000000000000000e+00
1.000000000000000000e+00
1.000000000000000000e+00
1.000000000000000000e+00
1.000000000000000000e+00
1.000000000000000000e+00
1.000000000000000000e+00
1.000000000000000000e+00
1.000000000000000000e+00
1.000000000000000000e+00
1.000000000000000000e+00
1.000000000000000000e+00
1.000000000000000000e+00
1.000000000000000000e+00
1.000000000000000000e+00
1.000000000000000000e+00
1.000000000000000000e+00
1.000000000000000000e+00
1.000000000000000000e+00
1.000000000000000000e+00
1.000000000000000000e+00
1.000000000000000000e+00
1.000000000000000000e+00
1.000000000000000000e+00
1.000000000000000000e+00
1.000000000000000000e+00
1.000000000000000000e+00
1.000000000000000000e+00
1.000000000000000000e+00
1.000000000000000000e+00
1.000000000000000000e+00
1.000000000000000000e+00
1.000000000000000000e+00
1.000000000000000000e+00
1.000000000000000000e+00
