9.997099999999999875e-01
9.997099999999999875e-01
9.997099999999999875e-01
9.997089999999999588e-01
9.997089999999999588e-01
9.997089999999999588e-01
9.997089999999999588e-01
9.997089999999999588e-01
9.997089999999999588e-01
9.997089999999999588e-01
9.997080000000000410e-01
9.997080000000000410e-01
9.997080000000000410e-01
9.997080000000000410e-01
9.997080000000000410e-01
9.997080000000000410e-01
9.997080000000000410e-01
9.997070000000000123e-01
9.997070000000000123e-01
9.997070000000000123e-01
9.997070000000000123e-01
9.997070000000000123e-01
9.997070000000000123e-01
9.997059999999999835e-01
9.997059999999999835e-01
9.997059999999999835e-01
9.997059999999999835e-01
9.997059999999999835e-01
9.997059999999999835e-01
9.997059999999999835e-01
9.997049999999999548e-01
9.997049999999999548e-01
9.997049999999999548e-01
9.997049999999999548e-01
9.997049999999999548e-01
9.997049999999999548e-01
9.997049999999999548e-01
9.997040000000000370e-01
9.997040000000000370e-01
9.997040000000000370e-01
9.997040000000000370e-01
9.997040000000000370e-01
9.997040000000000370e-01
9.997040000000000370e-01
9.997030000000000083e-01
9.997030000000000083e-01
9.997030000000000083e-01
9.997030000000000083e-01
9.997030000000000083e-01
9.997030000000000083e-01
9.997030000000000083e-01
9.997019999999999795e-01
9.997019999999999795e-01
9.997019999999999795e-01
9.997019999999999795e-01
9.997019999999999795e-01
9.997019999999999795e-01
9.997009999999999508e-01
9.997009999999999508e-01
9.997009999999999508e-01
9.997009999999999508e-01
9.997009999999999508e-01
9.997009999999999508e-01
9.997009999999999508e-01
9.997000000000000330e-01
9.997000000000000330e-01
9.997000000000000330e-01
9.997000000000000330e-01
9.997000000000000330e-01
9.997000000000000330e-01
9.997000000000000330e-01
9.996990000000000043e-01
9.996990000000000043e-01
9.996990000000000043e-01
9.996990000000000043e-01
9.996990000000000043e-01
9.996990000000000043e-01
9.996990000000000043e-01
9.996979999999999755e-01
9.996979999999999755e-01
9.996979999999999755e-01
9.996979999999999755e-01
9.996979999999999755e-01
9.996979999999999755e-01
9.996979999999999755e-01
9.996969999999999468e-01
9.996969999999999468e-01
9.996969999999999468e-01
9.996969999999999468e-01
9.996969999999999468e-01
9.996969999999999468e-01
9.996960000000000290e-01
9.996960000000000290e-01
9.996960000000000290e-01
9.996960000000000290e-01
9.996960000000000290e-01
9.996960000000000290e-01
9.996960000000000290e-01
9.996950000000000003e-01
9.996950000000000003e-01
9.996950000000000003e-01
9.996950000000000003e-01
9.996950000000000003e-01
9.996950000000000003e-01
9.996950000000000003e-01
9.996939999999999715e-01
9.996939999999999715e-01
9.996939999999999715e-01
9.996939999999999715e-01
9.996939999999999715e-01
9.996939999999999715e-01
9.996939999999999715e-01
9.996930000000000538e-01
9.996930000000000538e-01
9.996930000000000538e-01
9.996930000000000538e-01
9.996930000000000538e-01
9.996930000000000538e-01
9.996930000000000538e-01
9.996920000000000250e-01
9.996920000000000250e-01
9.996920000000000250e-01
9.996920000000000250e-01
9.996920000000000250e-01
9.996920000000000250e-01
9.996920000000000250e-01
9.996909999999999963e-01
9.996909999999999963e-01
9.996909999999999963e-01
9.996909999999999963e-01
9.996909999999999963e-01
9.996909999999999963e-01
9.996909999999999963e-01
9.996899999999999675e-01
9.996899999999999675e-01
9.996899999999999675e-01
9.996899999999999675e-01
9.996899999999999675e-01
9.996899999999999675e-01
9.996890000000000498e-01
9.996890000000000498e-01
9.996890000000000498e-01
9.996890000000000498e-01
9.996890000000000498e-01
9.996890000000000498e-01
9.996890000000000498e-01
9.996880000000000210e-01
9.996880000000000210e-01
9.996880000000000210e-01
9.996880000000000210e-01
9.996880000000000210e-01
9.996880000000000210e-01
9.996880000000000210e-01
9.996869999999999923e-01
9.996869999999999923e-01
9.996869999999999923e-01
9.996869999999999923e-01
9.996869999999999923e-01
9.996869999999999923e-01
9.996869999999999923e-01
9.996859999999999635e-01
9.996859999999999635e-01
9.996859999999999635e-01
9.996859999999999635e-01
9.996859999999999635e-01
9.996859999999999635e-01
9.996859999999999635e-01
9.996850000000000458e-01
9.996850000000000458e-01
9.996850000000000458e-01
9.996850000000000458e-01
9.996850000000000458e-01
9.996850000000000458e-01
9.995359999999999800e-01
9.992919999999999581e-01
9.989770000000000039e-01
9.986509999999999554e-01
9.982959999999999612e-01
9.979700000000000237e-01
9.976549999999999585e-01
9.974180000000000268e-01
9.973779999999999868e-01
9.975039999999999463e-01
9.976049999999999640e-01
9.975929999999999520e-01
9.975829999999999975e-01
9.975699999999999568e-01
9.975330000000000030e-01
9.974610000000000420e-01
9.973640000000000283e-01
9.972539999999999738e-01
9.972170000000000201e-01
9.972109999999999586e-01
9.972050000000000081e-01
9.971989999999999466e-01
9.971940000000000248e-01
9.971879999999999633e-01
9.971839999999999593e-01
9.971790000000000376e-01
9.971740000000000048e-01
9.971700000000000008e-01
9.971659999999999968e-01
9.971619999999999928e-01
9.971590000000000176e-01
9.971550000000000136e-01
9.971520000000000383e-01
9.971480000000000343e-01
9.971449999999999481e-01
9.971419999999999728e-01
9.971389999999999976e-01
9.971360000000000223e-01
9.971339999999999648e-01
9.971309999999999896e-01
9.971290000000000431e-01
9.971259999999999568e-01
9.971240000000000103e-01
9.971219999999999528e-01
9.971200000000000063e-01
9.971179999999999488e-01
9.971160000000000023e-01
9.971139999999999448e-01
9.971119999999999983e-01
9.971100000000000518e-01
9.971090000000000231e-01
9.971069999999999656e-01
9.971060000000000478e-01
9.971039999999999903e-01
9.971029999999999616e-01
9.971010000000000151e-01
9.970999999999999863e-01
9.970989999999999576e-01
9.970980000000000398e-01
9.970970000000000111e-01
9.970959999999999823e-01
9.970949999999999536e-01
9.970940000000000358e-01
9.970930000000000071e-01
9.970919999999999783e-01
9.970919999999999783e-01
9.970909999999999496e-01
9.970900000000000318e-01
9.970900000000000318e-01
9.970890000000000031e-01
9.970890000000000031e-01
9.970879999999999743e-01
9.970879999999999743e-01
9.970869999999999456e-01
9.970869999999999456e-01
9.970869999999999456e-01
9.970869999999999456e-01
9.970869999999999456e-01
9.970869999999999456e-01
9.970860000000000278e-01
9.970860000000000278e-01
9.970869999999999456e-01
9.970869999999999456e-01
9.970869999999999456e-01
9.970869999999999456e-01
9.970869999999999456e-01
9.970879999999999743e-01
9.970879999999999743e-01
9.970879999999999743e-01
9.970890000000000031e-01
9.970890000000000031e-01
9.970900000000000318e-01
9.970900000000000318e-01
9.970909999999999496e-01
9.970919999999999783e-01
9.970930000000000071e-01
9.970930000000000071e-01
9.970940000000000358e-01
9.970949999999999536e-01
9.970959999999999823e-01
9.970980000000000398e-01
9.970989999999999576e-01
9.970999999999999863e-01
9.971010000000000151e-01
9.971029999999999616e-01
9.971039999999999903e-01
9.971050000000000191e-01
9.971069999999999656e-01
9.971090000000000231e-01
9.971109999999999696e-01
9.971119999999999983e-01
9.971139999999999448e-01
9.971160000000000023e-01
9.971179999999999488e-01
9.971200000000000063e-01
9.971229999999999816e-01
9.971250000000000391e-01
9.971280000000000143e-01
9.971299999999999608e-01
9.971330000000000471e-01
9.971360000000000223e-01
9.971389999999999976e-01
9.971419999999999728e-01
9.971449999999999481e-01
9.971489999999999521e-01
9.971529999999999561e-01
9.971560000000000423e-01
9.971600000000000463e-01
9.971640000000000503e-01
9.971689999999999721e-01
9.971729999999999761e-01
9.971780000000000088e-01
9.971830000000000416e-01
9.971889999999999921e-01
9.971950000000000536e-01
9.972010000000000041e-01
9.972069999999999546e-01
9.972140000000000448e-01
9.972220000000000528e-01
9.972299999999999498e-01
9.972379999999999578e-01
9.972480000000000233e-01
9.972579999999999778e-01
9.972699999999999898e-01
9.972830000000000306e-01
9.972990000000000466e-01
9.974210000000000020e-01
9.976669999999999705e-01
9.979860000000000397e-01
9.983149999999999524e-01
9.986690000000000289e-01
9.989919999999999911e-01
9.993020000000000236e-01
9.995380000000000376e-01
9.996620000000000505e-01
9.996620000000000505e-01
9.996620000000000505e-01
9.996620000000000505e-01
9.996620000000000505e-01
9.996620000000000505e-01
9.996610000000000218e-01
9.996610000000000218e-01
9.996610000000000218e-01
9.996610000000000218e-01
9.996610000000000218e-01
9.996610000000000218e-01
9.996610000000000218e-01
9.996599999999999930e-01
9.996599999999999930e-01
9.996599999999999930e-01
9.996599999999999930e-01
9.996599999999999930e-01
9.996599999999999930e-01
9.996599999999999930e-01
9.996589999999999643e-01
9.996589999999999643e-01
9.996589999999999643e-01
9.996589999999999643e-01
9.996589999999999643e-01
9.996589999999999643e-01
9.996580000000000465e-01
9.996580000000000465e-01
9.996580000000000465e-01
9.996580000000000465e-01
9.996580000000000465e-01
9.996580000000000465e-01
9.996580000000000465e-01
9.996570000000000178e-01
9.996570000000000178e-01
9.996570000000000178e-01
9.996570000000000178e-01
9.996570000000000178e-01
9.996570000000000178e-01
9.996570000000000178e-01
9.996559999999999890e-01
9.996559999999999890e-01
9.996559999999999890e-01
9.996559999999999890e-01
9.996559999999999890e-01
9.996559999999999890e-01
9.996559999999999890e-01
9.996549999999999603e-01
9.996549999999999603e-01
9.996549999999999603e-01
9.996549999999999603e-01
9.996549999999999603e-01
9.996549999999999603e-01
9.996549999999999603e-01
9.996540000000000425e-01
9.996540000000000425e-01
9.996540000000000425e-01
9.996540000000000425e-01
9.996540000000000425e-01
9.996540000000000425e-01
9.996540000000000425e-01
9.996530000000000138e-01
9.996530000000000138e-01
9.996530000000000138e-01
9.996530000000000138e-01
9.996530000000000138e-01
9.996530000000000138e-01
9.996530000000000138e-01
9.996519999999999850e-01
9.996519999999999850e-01
9.996519999999999850e-01
9.996519999999999850e-01
9.996519999999999850e-01
9.996519999999999850e-01
9.996519999999999850e-01
9.996509999999999563e-01
9.996509999999999563e-01
9.996509999999999563e-01
9.996509999999999563e-01
9.996509999999999563e-01
9.996509999999999563e-01
9.996509999999999563e-01
9.996500000000000385e-01
9.996500000000000385e-01
9.996500000000000385e-01
9.996500000000000385e-01
9.996500000000000385e-01
9.996500000000000385e-01
9.996500000000000385e-01
9.996490000000000098e-01
9.996490000000000098e-01
9.996490000000000098e-01
9.996490000000000098e-01
9.996490000000000098e-01
9.996490000000000098e-01
9.996490000000000098e-01
9.996479999999999810e-01
9.996479999999999810e-01
9.996479999999999810e-01
9.996479999999999810e-01
9.996479999999999810e-01
9.996479999999999810e-01
9.996479999999999810e-01
9.996469999999999523e-01
9.996469999999999523e-01
9.996469999999999523e-01
9.996469999999999523e-01
9.996469999999999523e-01
9.996469999999999523e-01
9.996469999999999523e-01
9.996460000000000345e-01
9.996460000000000345e-01
9.996460000000000345e-01
9.996460000000000345e-01
9.996460000000000345e-01
9.996460000000000345e-01
9.996460000000000345e-01
9.996450000000000058e-01
9.996450000000000058e-01
9.996450000000000058e-01
9.996450000000000058e-01
9.996450000000000058e-01
9.996450000000000058e-01
9.996450000000000058e-01
9.996439999999999770e-01
9.996439999999999770e-01
9.996439999999999770e-01
9.996439999999999770e-01
9.996439999999999770e-01
9.996439999999999770e-01
9.996439999999999770e-01
9.996429999999999483e-01
9.996429999999999483e-01
9.996429999999999483e-01
9.996429999999999483e-01
9.996429999999999483e-01
9.996429999999999483e-01
9.996429999999999483e-01
9.996429999999999483e-01
9.996420000000000305e-01
9.996420000000000305e-01
9.996420000000000305e-01
9.996420000000000305e-01
9.996420000000000305e-01
9.996420000000000305e-01
9.996420000000000305e-01
9.996410000000000018e-01
9.996410000000000018e-01
9.996410000000000018e-01
9.996410000000000018e-01
9.996410000000000018e-01
9.996410000000000018e-01
9.996410000000000018e-01
9.996399999999999730e-01
9.996399999999999730e-01
9.996399999999999730e-01
9.996399999999999730e-01
9.996399999999999730e-01
9.996399999999999730e-01
9.996399999999999730e-01
9.996390000000000553e-01
9.996390000000000553e-01
9.996390000000000553e-01
9.996390000000000553e-01
9.996390000000000553e-01
9.996390000000000553e-01
9.996390000000000553e-01
9.996380000000000265e-01
9.996380000000000265e-01
9.996380000000000265e-01
9.996380000000000265e-01
9.996380000000000265e-01
9.996380000000000265e-01
