9.984459999999999447e-01
9.984459999999999447e-01
9.984459999999999447e-01
9.984459999999999447e-01
9.984459999999999447e-01
9.984459999999999447e-01
9.984459999999999447e-01
9.984459999999999447e-01
9.984459999999999447e-01
9.984459999999999447e-01
9.984459999999999447e-01
9.984459999999999447e-01
9.984459999999999447e-01
9.984459999999999447e-01
9.984459999999999447e-01
9.984459999999999447e-01
9.984459999999999447e-01
9.984459999999999447e-01
9.984459999999999447e-01
9.984459999999999447e-01
9.984459999999999447e-01
9.984459999999999447e-01
9.984459999999999447e-01
9.984459999999999447e-01
9.984459999999999447e-01
9.984459999999999447e-01
9.984459999999999447e-01
9.984459999999999447e-01
9.984459999999999447e-01
9.984459999999999447e-01
9.984459999999999447e-01
9.984459999999999447e-01
9.984459999999999447e-01
9.984450000000000269e-01
9.984450000000000269e-01
9.984450000000000269e-01
9.984450000000000269e-01
9.984450000000000269e-01
9.984450000000000269e-01
9.984450000000000269e-01
9.984450000000000269e-01
9.984450000000000269e-01
9.984450000000000269e-01
9.984450000000000269e-01
9.984450000000000269e-01
9.984450000000000269e-01
9.984450000000000269e-01
9.984450000000000269e-01
9.984450000000000269e-01
9.984450000000000269e-01
9.984450000000000269e-01
9.984450000000000269e-01
9.984450000000000269e-01
9.984450000000000269e-01
9.984450000000000269e-01
9.984450000000000269e-01
9.984450000000000269e-01
9.984450000000000269e-01
9.984450000000000269e-01
9.984450000000000269e-01
9.984450000000000269e-01
9.984450000000000269e-01
9.984450000000000269e-01
9.984450000000000269e-01
9.984450000000000269e-01
9.984450000000000269e-01
9.984450000000000269e-01
9.984450000000000269e-01
9.984450000000000269e-01
9.984450000000000269e-01
9.984450000000000269e-01
9.984450000000000269e-01
9.984450000000000269e-01
9.984450000000000269e-01
9.984450000000000269e-01
9.984450000000000269e-01
9.984450000000000269e-01
9.984450000000000269e-01
9.984450000000000269e-01
9.984450000000000269e-01
9.984450000000000269e-01
9.984450000000000269e-01
9.984450000000000269e-01
9.984450000000000269e-01
9.984450000000000269e-01
9.984450000000000269e-01
9.984439999999999982e-01
9.984439999999999982e-01
9.984439999999999982e-01
9.984439999999999982e-01
9.984439999999999982e-01
9.984439999999999982e-01
9.984439999999999982e-01
9.984439999999999982e-01
9.984439999999999982e-01
9.984439999999999982e-01
9.984439999999999982e-01
9.984439999999999982e-01
9.984439999999999982e-01
9.984439999999999982e-01
9.984439999999999982e-01
9.984439999999999982e-01
9.984439999999999982e-01
9.984439999999999982e-01
9.984439999999999982e-01
9.984439999999999982e-01
9.984439999999999982e-01
9.984439999999999982e-01
9.984439999999999982e-01
9.984439999999999982e-01
9.984439999999999982e-01
9.984439999999999982e-01
9.984439999999999982e-01
9.984439999999999982e-01
9.984439999999999982e-01
9.984439999999999982e-01
9.984439999999999982e-01
9.984439999999999982e-01
9.984439999999999982e-01
9.984439999999999982e-01
9.984439999999999982e-01
9.984439999999999982e-01
9.984439999999999982e-01
9.984439999999999982e-01
9.984439999999999982e-01
9.984439999999999982e-01
9.984439999999999982e-01
9.984439999999999982e-01
9.984439999999999982e-01
9.984439999999999982e-01
9.984439999999999982e-01
9.984439999999999982e-01
9.984439999999999982e-01
9.984439999999999982e-01
9.984439999999999982e-01
9.984439999999999982e-01
9.984439999999999982e-01
9.984439999999999982e-01
9.984439999999999982e-01
9.984439999999999982e-01
9.984439999999999982e-01
9.984439999999999982e-01
9.984439999999999982e-01
9.984439999999999982e-01
9.984439999999999982e-01
9.984439999999999982e-01
9.984439999999999982e-01
9.984439999999999982e-01
9.984439999999999982e-01
9.984439999999999982e-01
9.984439999999999982e-01
9.984439999999999982e-01
9.984439999999999982e-01
9.984439999999999982e-01
9.984439999999999982e-01
9.984439999999999982e-01
9.984439999999999982e-01
9.984439999999999982e-01
9.984439999999999982e-01
9.984439999999999982e-01
9.984439999999999982e-01
9.984439999999999982e-01
9.984439999999999982e-01
9.984439999999999982e-01
9.984439999999999982e-01
9.984439999999999982e-01
9.984429999999999694e-01
9.982680000000000442e-01
9.979919999999999902e-01
9.976410000000000000e-01
9.972820000000000018e-01
9.968979999999999508e-01
9.965549999999999686e-01
9.962480000000000224e-01
9.960820000000000229e-01
9.960630000000000317e-01
9.960489999999999622e-01
9.960360000000000325e-01
9.960250000000000492e-01
9.960139999999999549e-01
9.960050000000000292e-01
9.959959999999999924e-01
9.959879999999999844e-01
9.959799999999999764e-01
9.959729999999999972e-01
9.959660000000000180e-01
9.959599999999999564e-01
9.959540000000000060e-01
9.959480000000000555e-01
9.959430000000000227e-01
9.959379999999999900e-01
9.959329999999999572e-01
9.959280000000000355e-01
9.959240000000000315e-01
9.959189999999999987e-01
9.959160000000000235e-01
9.959120000000000195e-01
9.959080000000000155e-01
9.959040000000000115e-01
9.959010000000000362e-01
9.958979999999999499e-01
9.958949999999999747e-01
9.958919999999999995e-01
9.958890000000000242e-01
9.958860000000000490e-01
9.958829999999999627e-01
9.958810000000000162e-01
9.958780000000000410e-01
9.958759999999999835e-01
9.958740000000000370e-01
9.958709999999999507e-01
9.958690000000000042e-01
9.958669999999999467e-01
9.958650000000000002e-01
9.958639999999999715e-01
9.958620000000000250e-01
9.958599999999999675e-01
9.958580000000000210e-01
9.958569999999999922e-01
9.958550000000000457e-01
9.958540000000000170e-01
9.958529999999999882e-01
9.958510000000000417e-01
9.958500000000000130e-01
9.958489999999999842e-01
9.958479999999999555e-01
9.958470000000000377e-01
9.958460000000000090e-01
9.958439999999999515e-01
9.958430000000000337e-01
9.958420000000000050e-01
9.958420000000000050e-01
9.958409999999999762e-01
9.958399999999999475e-01
9.958390000000000297e-01
9.958390000000000297e-01
9.958380000000000010e-01
9.958369999999999722e-01
9.958360000000000545e-01
9.958360000000000545e-01
9.958350000000000257e-01
9.958350000000000257e-01
9.958350000000000257e-01
9.958350000000000257e-01
9.958350000000000257e-01
9.958350000000000257e-01
9.958350000000000257e-01
9.958350000000000257e-01
9.958350000000000257e-01
9.958350000000000257e-01
9.958350000000000257e-01
9.958350000000000257e-01
9.958350000000000257e-01
9.958350000000000257e-01
9.958350000000000257e-01
9.958350000000000257e-01
9.958350000000000257e-01
9.958350000000000257e-01
9.958350000000000257e-01
9.958350000000000257e-01
9.958360000000000545e-01
9.958360000000000545e-01
9.958369999999999722e-01
9.958380000000000010e-01
9.958390000000000297e-01
9.958390000000000297e-01
9.958399999999999475e-01
9.958409999999999762e-01
9.958420000000000050e-01
9.958430000000000337e-01
9.958439999999999515e-01
9.958449999999999802e-01
9.958460000000000090e-01
9.958470000000000377e-01
9.958479999999999555e-01
9.958489999999999842e-01
9.958500000000000130e-01
9.958510000000000417e-01
9.958529999999999882e-01
9.958540000000000170e-01
9.958559999999999635e-01
9.958569999999999922e-01
9.958590000000000497e-01
9.958599999999999675e-01
9.958620000000000250e-01
9.958639999999999715e-01
9.958660000000000290e-01
9.958679999999999755e-01
9.958700000000000330e-01
9.958719999999999795e-01
9.958740000000000370e-01
9.958759999999999835e-01
9.958789999999999587e-01
9.958810000000000162e-01
9.959299999999999820e-01
9.960980000000000389e-01
9.963300000000000489e-01
9.965910000000000046e-01
9.968879999999999963e-01
9.971750000000000336e-01
9.973469999999999835e-01
9.973419999999999508e-01
9.971609999999999641e-01
9.968799999999999883e-01
9.965899999999999759e-01
9.963410000000000322e-01
9.961179999999999479e-01
9.959660000000000180e-01
9.959329999999999572e-01
9.959379999999999900e-01
9.959430000000000227e-01
9.959489999999999732e-01
9.959550000000000347e-01
9.959599999999999564e-01
9.959670000000000467e-01
9.959740000000000260e-01
9.959810000000000052e-01
9.959879999999999844e-01
9.959970000000000212e-01
9.960059999999999469e-01
9.960149999999999837e-01
9.960259999999999669e-01
9.960369999999999502e-01
9.960510000000000197e-01
9.960649999999999782e-01
9.960860000000000269e-01
9.962769999999999682e-01
9.965939999999999799e-01
9.969400000000000484e-01
9.973250000000000171e-01
9.976819999999999578e-01
9.980280000000000262e-01
9.982950000000000434e-01
9.984429999999999694e-01
9.984439999999999982e-01
9.984439999999999982e-01
9.984439999999999982e-01
9.984439999999999982e-01
9.984439999999999982e-01
9.984439999999999982e-01
9.984439999999999982e-01
9.984439999999999982e-01
9.984439999999999982e-01
9.984439999999999982e-01
9.984439999999999982e-01
9.984439999999999982e-01
9.984439999999999982e-01
9.984439999999999982e-01
9.984439999999999982e-01
9.984439999999999982e-01
9.984439999999999982e-01
9.984439999999999982e-01
9.984439999999999982e-01
9.984439999999999982e-01
9.984439999999999982e-01
9.984439999999999982e-01
9.984439999999999982e-01
9.984439999999999982e-01
9.984439999999999982e-01
9.984439999999999982e-01
9.984439999999999982e-01
9.984439999999999982e-01
9.984439999999999982e-01
9.984439999999999982e-01
9.984439999999999982e-01
9.984439999999999982e-01
9.984439999999999982e-01
9.984439999999999982e-01
9.984439999999999982e-01
9.984439999999999982e-01
9.984439999999999982e-01
9.984439999999999982e-01
9.984439999999999982e-01
9.984439999999999982e-01
9.984439999999999982e-01
9.984439999999999982e-01
9.984439999999999982e-01
9.984439999999999982e-01
9.984439999999999982e-01
9.984439999999999982e-01
9.984439999999999982e-01
9.984439999999999982e-01
9.984439999999999982e-01
9.984439999999999982e-01
9.984439999999999982e-01
9.984439999999999982e-01
9.984439999999999982e-01
9.984439999999999982e-01
9.984439999999999982e-01
9.984439999999999982e-01
9.984439999999999982e-01
9.984439999999999982e-01
9.984439999999999982e-01
9.984439999999999982e-01
9.984439999999999982e-01
9.984439999999999982e-01
9.984439999999999982e-01
9.984439999999999982e-01
9.984439999999999982e-01
9.984439999999999982e-01
9.984439999999999982e-01
9.984439999999999982e-01
9.984439999999999982e-01
9.984439999999999982e-01
9.984439999999999982e-01
9.984439999999999982e-01
9.984439999999999982e-01
9.984439999999999982e-01
9.984439999999999982e-01
9.984439999999999982e-01
9.984439999999999982e-01
9.984439999999999982e-01
9.984439999999999982e-01
9.984439999999999982e-01
9.984450000000000269e-01
9.984450000000000269e-01
9.984450000000000269e-01
9.984450000000000269e-01
9.984450000000000269e-01
9.984450000000000269e-01
9.984450000000000269e-01
9.984450000000000269e-01
9.984450000000000269e-01
9.984450000000000269e-01
9.984450000000000269e-01
9.984450000000000269e-01
9.984450000000000269e-01
9.984450000000000269e-01
9.984450000000000269e-01
9.984450000000000269e-01
9.984450000000000269e-01
9.984450000000000269e-01
9.984450000000000269e-01
9.984450000000000269e-01
9.984450000000000269e-01
9.984450000000000269e-01
9.984450000000000269e-01
9.984450000000000269e-01
9.984450000000000269e-01
9.984450000000000269e-01
9.984450000000000269e-01
9.984450000000000269e-01
9.984450000000000269e-01
9.984450000000000269e-01
9.984450000000000269e-01
9.984450000000000269e-01
9.984450000000000269e-01
9.984450000000000269e-01
9.984450000000000269e-01
9.984450000000000269e-01
9.984450000000000269e-01
9.984450000000000269e-01
9.984450000000000269e-01
9.984450000000000269e-01
9.984450000000000269e-01
9.984450000000000269e-01
9.984450000000000269e-01
9.984450000000000269e-01
9.984450000000000269e-01
9.984450000000000269e-01
9.984450000000000269e-01
9.984450000000000269e-01
9.984450000000000269e-01
9.984450000000000269e-01
9.984450000000000269e-01
9.984450000000000269e-01
9.984450000000000269e-01
9.984459999999999447e-01
9.984459999999999447e-01
9.984459999999999447e-01
9.984459999999999447e-01
9.984459999999999447e-01
9.984459999999999447e-01
9.984459999999999447e-01
9.984459999999999447e-01
9.984459999999999447e-01
9.984459999999999447e-01
9.984459999999999447e-01
9.984459999999999447e-01
9.984459999999999447e-01
9.984459999999999447e-01
9.984459999999999447e-01
9.984459999999999447e-01
9.984459999999999447e-01
9.984459999999999447e-01
9.984459999999999447e-01
9.984459999999999447e-01
9.984459999999999447e-01
9.984459999999999447e-01
9.984459999999999447e-01
9.984459999999999447e-01
9.984459999999999447e-01
9.984459999999999447e-01
9.984459999999999447e-01
9.984459999999999447e-01
9.984459999999999447e-01
9.984459999999999447e-01
9.984459999999999447e-01
9.984459999999999447e-01
9.984459999999999447e-01
