9.987179999999999946e-01
9.987179999999999946e-01
9.987179999999999946e-01
9.987179999999999946e-01
9.987179999999999946e-01
9.987179999999999946e-01
9.987179999999999946e-01
9.987179999999999946e-01
9.987179999999999946e-01
9.987179999999999946e-01
9.987179999999999946e-01
9.987179999999999946e-01
9.987179999999999946e-01
9.987179999999999946e-01
9.987179999999999946e-01
9.987179999999999946e-01
9.987179999999999946e-01
9.987179999999999946e-01
9.987179999999999946e-01
9.987179999999999946e-01
9.987179999999999946e-01
9.987179999999999946e-01
9.987179999999999946e-01
9.987179999999999946e-01
9.987179999999999946e-01
9.987169999999999659e-01
9.987169999999999659e-01
9.987169999999999659e-01
9.987169999999999659e-01
9.987169999999999659e-01
9.987169999999999659e-01
9.987169999999999659e-01
9.987169999999999659e-01
9.987169999999999659e-01
9.987169999999999659e-01
9.987169999999999659e-01
9.987169999999999659e-01
9.987169999999999659e-01
9.987169999999999659e-01
9.987169999999999659e-01
9.987169999999999659e-01
9.987169999999999659e-01
9.987169999999999659e-01
9.987169999999999659e-01
9.987169999999999659e-01
9.987169999999999659e-01
9.987169999999999659e-01
9.987169999999999659e-01
9.987169999999999659e-01
9.987169999999999659e-01
9.987169999999999659e-01
9.987169999999999659e-01
9.987169999999999659e-01
9.987169999999999659e-01
9.987169999999999659e-01
9.987169999999999659e-01
9.987169999999999659e-01
9.987169999999999659e-01
9.987169999999999659e-01
9.987169999999999659e-01
9.987169999999999659e-01
9.987169999999999659e-01
9.987169999999999659e-01
9.987169999999999659e-01
9.987169999999999659e-01
9.987169999999999659e-01
9.987169999999999659e-01
9.987169999999999659e-01
9.987169999999999659e-01
9.987169999999999659e-01
9.987169999999999659e-01
9.987169999999999659e-01
9.987169999999999659e-01
9.987169999999999659e-01
9.987169999999999659e-01
9.987169999999999659e-01
9.987160000000000482e-01
9.987160000000000482e-01
9.987160000000000482e-01
9.987160000000000482e-01
9.987160000000000482e-01
9.987160000000000482e-01
9.987160000000000482e-01
9.987160000000000482e-01
9.987160000000000482e-01
9.987160000000000482e-01
9.987160000000000482e-01
9.987160000000000482e-01
9.987160000000000482e-01
9.987160000000000482e-01
9.987160000000000482e-01
9.987160000000000482e-01
9.987160000000000482e-01
9.987160000000000482e-01
9.987160000000000482e-01
9.987160000000000482e-01
9.987160000000000482e-01
9.987160000000000482e-01
9.987160000000000482e-01
9.987160000000000482e-01
9.987160000000000482e-01
9.987160000000000482e-01
9.987160000000000482e-01
9.987160000000000482e-01
9.987160000000000482e-01
9.987160000000000482e-01
9.987160000000000482e-01
9.987160000000000482e-01
9.987160000000000482e-01
9.987160000000000482e-01
9.987160000000000482e-01
9.987160000000000482e-01
9.987160000000000482e-01
9.987160000000000482e-01
9.987160000000000482e-01
9.987160000000000482e-01
9.987160000000000482e-01
9.987160000000000482e-01
9.987160000000000482e-01
9.987160000000000482e-01
9.987160000000000482e-01
9.987160000000000482e-01
9.987160000000000482e-01
9.987160000000000482e-01
9.987160000000000482e-01
9.987160000000000482e-01
9.987160000000000482e-01
9.987160000000000482e-01
9.987160000000000482e-01
9.987160000000000482e-01
9.987160000000000482e-01
9.987160000000000482e-01
9.987160000000000482e-01
9.987160000000000482e-01
9.987160000000000482e-01
9.987160000000000482e-01
9.987160000000000482e-01
9.987160000000000482e-01
9.987160000000000482e-01
9.987160000000000482e-01
9.987160000000000482e-01
9.987160000000000482e-01
9.987160000000000482e-01
9.987160000000000482e-01
9.987160000000000482e-01
9.987160000000000482e-01
9.987160000000000482e-01
9.987160000000000482e-01
9.987160000000000482e-01
9.987160000000000482e-01
9.987160000000000482e-01
9.987150000000000194e-01
9.987150000000000194e-01
9.987150000000000194e-01
9.987150000000000194e-01
9.987150000000000194e-01
9.987150000000000194e-01
9.987150000000000194e-01
9.987150000000000194e-01
9.987150000000000194e-01
9.987150000000000194e-01
9.987150000000000194e-01
9.987150000000000194e-01
9.987150000000000194e-01
9.987150000000000194e-01
9.987150000000000194e-01
9.987139999999999906e-01
9.985399999999999832e-01
9.982640000000000402e-01
9.979130000000000500e-01
9.975540000000000518e-01
9.971700000000000008e-01
9.968270000000000186e-01
9.965190000000000436e-01
9.963539999999999619e-01
9.963349999999999707e-01
9.963210000000000122e-01
9.963079999999999714e-01
9.962969999999999882e-01
9.962860000000000049e-01
9.962769999999999682e-01
9.962680000000000424e-01
9.962600000000000344e-01
9.962520000000000264e-01
9.962450000000000472e-01
9.962379999999999569e-01
9.962320000000000064e-01
9.962259999999999449e-01
9.962199999999999944e-01
9.962149999999999617e-01
9.962090000000000112e-01
9.962050000000000072e-01
9.961999999999999744e-01
9.961959999999999704e-01
9.961910000000000487e-01
9.961870000000000447e-01
9.961830000000000407e-01
9.961799999999999544e-01
9.961759999999999504e-01
9.961729999999999752e-01
9.961699999999999999e-01
9.961670000000000247e-01
9.961630000000000207e-01
9.961609999999999632e-01
9.961579999999999879e-01
9.961550000000000127e-01
9.961529999999999552e-01
9.961499999999999799e-01
9.961480000000000334e-01
9.961459999999999759e-01
9.961430000000000007e-01
9.961410000000000542e-01
9.961389999999999967e-01
9.961370000000000502e-01
9.961349999999999927e-01
9.961339999999999639e-01
9.961320000000000174e-01
9.961299999999999599e-01
9.961290000000000422e-01
9.961269999999999847e-01
9.961259999999999559e-01
9.961240000000000094e-01
9.961229999999999807e-01
9.961219999999999519e-01
9.961210000000000342e-01
9.961200000000000054e-01
9.961179999999999479e-01
9.961170000000000302e-01
9.961160000000000014e-01
9.961149999999999727e-01
9.961140000000000549e-01
9.961140000000000549e-01
9.961130000000000262e-01
9.961119999999999974e-01
9.961109999999999687e-01
9.961100000000000509e-01
9.961100000000000509e-01
9.961090000000000222e-01
9.961079999999999934e-01
9.961079999999999934e-01
9.961069999999999647e-01
9.961069999999999647e-01
9.961069999999999647e-01
9.961069999999999647e-01
9.961069999999999647e-01
9.961069999999999647e-01
9.961069999999999647e-01
9.961069999999999647e-01
9.961069999999999647e-01
9.961069999999999647e-01
9.961069999999999647e-01
9.961069999999999647e-01
9.961069999999999647e-01
9.961069999999999647e-01
9.961069999999999647e-01
9.961069999999999647e-01
9.961069999999999647e-01
9.961069999999999647e-01
9.961069999999999647e-01
9.961069999999999647e-01
9.961079999999999934e-01
9.961079999999999934e-01
9.961090000000000222e-01
9.961100000000000509e-01
9.961109999999999687e-01
9.961109999999999687e-01
9.961119999999999974e-01
9.961130000000000262e-01
9.961140000000000549e-01
9.961140000000000549e-01
9.961149999999999727e-01
9.961160000000000014e-01
9.961170000000000302e-01
9.961189999999999767e-01
9.961200000000000054e-01
9.961210000000000342e-01
9.961219999999999519e-01
9.961229999999999807e-01
9.961250000000000382e-01
9.961259999999999559e-01
9.961280000000000134e-01
9.961290000000000422e-01
9.961309999999999887e-01
9.961320000000000174e-01
9.961339999999999639e-01
9.961360000000000214e-01
9.961379999999999679e-01
9.961389999999999967e-01
9.961419999999999719e-01
9.961440000000000294e-01
9.961459999999999759e-01
9.961480000000000334e-01
9.961510000000000087e-01
9.961529999999999552e-01
9.961560000000000414e-01
9.961579999999999879e-01
9.961609999999999632e-01
9.961640000000000494e-01
9.961670000000000247e-01
9.961699999999999999e-01
9.961729999999999752e-01
9.961769999999999792e-01
9.961799999999999544e-01
9.961839999999999584e-01
9.962060000000000359e-01
9.963490000000000402e-01
9.965730000000000421e-01
9.968240000000000434e-01
9.971170000000000311e-01
9.973440000000000083e-01
9.974060000000000148e-01
9.973919999999999453e-01
9.972680000000000433e-01
9.970029999999999726e-01
9.967329999999999801e-01
9.965100000000000069e-01
9.963269999999999627e-01
9.962600000000000344e-01
9.962689999999999602e-01
9.962779999999999969e-01
9.962870000000000337e-01
9.962980000000000169e-01
9.963090000000000002e-01
9.963229999999999587e-01
9.963370000000000282e-01
9.963579999999999659e-01
9.965490000000000181e-01
9.968660000000000299e-01
9.972119999999999873e-01
9.975969999999999560e-01
9.979540000000000077e-01
9.982999999999999652e-01
9.985669999999999824e-01
9.987150000000000194e-01
9.987150000000000194e-01
9.987150000000000194e-01
9.987150000000000194e-01
9.987150000000000194e-01
9.987150000000000194e-01
9.987150000000000194e-01
9.987150000000000194e-01
9.987150000000000194e-01
9.987150000000000194e-01
9.987150000000000194e-01
9.987150000000000194e-01
9.987150000000000194e-01
9.987150000000000194e-01
9.987150000000000194e-01
9.987150000000000194e-01
9.987160000000000482e-01
9.987160000000000482e-01
9.987160000000000482e-01
9.987160000000000482e-01
9.987160000000000482e-01
9.987160000000000482e-01
9.987160000000000482e-01
9.987160000000000482e-01
9.987160000000000482e-01
9.987160000000000482e-01
9.987160000000000482e-01
9.987160000000000482e-01
9.987160000000000482e-01
9.987160000000000482e-01
9.987160000000000482e-01
9.987160000000000482e-01
9.987160000000000482e-01
9.987160000000000482e-01
9.987160000000000482e-01
9.987160000000000482e-01
9.987160000000000482e-01
9.987160000000000482e-01
9.987160000000000482e-01
9.987160000000000482e-01
9.987160000000000482e-01
9.987160000000000482e-01
9.987160000000000482e-01
9.987160000000000482e-01
9.987160000000000482e-01
9.987160000000000482e-01
9.987160000000000482e-01
9.987160000000000482e-01
9.987160000000000482e-01
9.987160000000000482e-01
9.987160000000000482e-01
9.987160000000000482e-01
9.987160000000000482e-01
9.987160000000000482e-01
9.987160000000000482e-01
9.987160000000000482e-01
9.987160000000000482e-01
9.987160000000000482e-01
9.987160000000000482e-01
9.987160000000000482e-01
9.987160000000000482e-01
9.987160000000000482e-01
9.987160000000000482e-01
9.987160000000000482e-01
9.987160000000000482e-01
9.987160000000000482e-01
9.987160000000000482e-01
9.987160000000000482e-01
9.987160000000000482e-01
9.987160000000000482e-01
9.987160000000000482e-01
9.987160000000000482e-01
9.987160000000000482e-01
9.987160000000000482e-01
9.987160000000000482e-01
9.987160000000000482e-01
9.987160000000000482e-01
9.987160000000000482e-01
9.987160000000000482e-01
9.987160000000000482e-01
9.987160000000000482e-01
9.987160000000000482e-01
9.987160000000000482e-01
9.987160000000000482e-01
9.987160000000000482e-01
9.987160000000000482e-01
9.987160000000000482e-01
9.987160000000000482e-01
9.987160000000000482e-01
9.987160000000000482e-01
9.987160000000000482e-01
9.987169999999999659e-01
9.987169999999999659e-01
9.987169999999999659e-01
9.987169999999999659e-01
9.987169999999999659e-01
9.987169999999999659e-01
9.987169999999999659e-01
9.987169999999999659e-01
9.987169999999999659e-01
9.987169999999999659e-01
9.987169999999999659e-01
9.987169999999999659e-01
9.987169999999999659e-01
9.987169999999999659e-01
9.987169999999999659e-01
9.987169999999999659e-01
9.987169999999999659e-01
9.987169999999999659e-01
9.987169999999999659e-01
9.987169999999999659e-01
9.987169999999999659e-01
9.987169999999999659e-01
9.987169999999999659e-01
9.987169999999999659e-01
9.987169999999999659e-01
9.987169999999999659e-01
9.987169999999999659e-01
9.987169999999999659e-01
9.987169999999999659e-01
9.987169999999999659e-01
9.987169999999999659e-01
9.987169999999999659e-01
9.987169999999999659e-01
9.987169999999999659e-01
9.987169999999999659e-01
9.987169999999999659e-01
9.987169999999999659e-01
9.987169999999999659e-01
9.987169999999999659e-01
9.987169999999999659e-01
9.987169999999999659e-01
9.987169999999999659e-01
9.987169999999999659e-01
9.987169999999999659e-01
9.987169999999999659e-01
9.987169999999999659e-01
9.987169999999999659e-01
9.987169999999999659e-01
9.987169999999999659e-01
9.987169999999999659e-01
9.987169999999999659e-01
9.987179999999999946e-01
9.987179999999999946e-01
9.987179999999999946e-01
9.987179999999999946e-01
9.987179999999999946e-01
9.987179999999999946e-01
9.987179999999999946e-01
9.987179999999999946e-01
9.987179999999999946e-01
9.987179999999999946e-01
9.987179999999999946e-01
9.987179999999999946e-01
9.987179999999999946e-01
9.987179999999999946e-01
9.987179999999999946e-01
9.987179999999999946e-01
9.987179999999999946e-01
9.987179999999999946e-01
9.987179999999999946e-01
9.987179999999999946e-01
9.987179999999999946e-01
9.987179999999999946e-01
9.987179999999999946e-01
9.987179999999999946e-01
9.987179999999999946e-01
