9.939219999999999722e-01
9.939219999999999722e-01
9.939219999999999722e-01
9.939219999999999722e-01
9.939219999999999722e-01
9.939219999999999722e-01
9.939219999999999722e-01
9.939219999999999722e-01
9.939219999999999722e-01
9.939219999999999722e-01
9.939219999999999722e-01
9.939219999999999722e-01
9.939219999999999722e-01
9.939219999999999722e-01
9.939219999999999722e-01
9.939219999999999722e-01
9.939219999999999722e-01
9.939219999999999722e-01
9.939219999999999722e-01
9.939219999999999722e-01
9.939219999999999722e-01
9.939219999999999722e-01
9.939219999999999722e-01
9.939219999999999722e-01
9.939219999999999722e-01
9.939219999999999722e-01
9.939219999999999722e-01
9.939219999999999722e-01
9.939219999999999722e-01
9.939219999999999722e-01
9.939219999999999722e-01
9.939219999999999722e-01
9.939219999999999722e-01
9.939219999999999722e-01
9.939219999999999722e-01
9.939219999999999722e-01
9.939219999999999722e-01
9.939219999999999722e-01
9.939219999999999722e-01
9.939219999999999722e-01
9.939219999999999722e-01
9.939219999999999722e-01
9.939219999999999722e-01
9.939219999999999722e-01
9.939219999999999722e-01
9.939219999999999722e-01
9.939219999999999722e-01
9.939219999999999722e-01
9.939219999999999722e-01
9.939219999999999722e-01
9.939219999999999722e-01
9.939219999999999722e-01
9.939219999999999722e-01
9.939219999999999722e-01
9.939219999999999722e-01
9.939219999999999722e-01
9.939219999999999722e-01
9.939219999999999722e-01
9.939219999999999722e-01
9.939219999999999722e-01
9.939219999999999722e-01
9.939219999999999722e-01
9.939219999999999722e-01
9.939219999999999722e-01
9.939219999999999722e-01
9.939219999999999722e-01
9.939219999999999722e-01
9.939219999999999722e-01
9.939219999999999722e-01
9.939219999999999722e-01
9.939219999999999722e-01
9.939219999999999722e-01
9.939219999999999722e-01
9.939219999999999722e-01
9.939219999999999722e-01
9.939219999999999722e-01
9.939219999999999722e-01
9.939219999999999722e-01
9.939219999999999722e-01
9.939219999999999722e-01
9.939219999999999722e-01
9.939219999999999722e-01
9.939219999999999722e-01
9.939219999999999722e-01
9.939219999999999722e-01
9.939219999999999722e-01
9.939219999999999722e-01
9.939219999999999722e-01
9.939219999999999722e-01
9.939219999999999722e-01
9.939219999999999722e-01
9.939219999999999722e-01
9.939219999999999722e-01
9.939219999999999722e-01
9.939219999999999722e-01
9.939219999999999722e-01
9.939219999999999722e-01
9.939219999999999722e-01
9.939219999999999722e-01
9.939219999999999722e-01
9.939219999999999722e-01
9.939219999999999722e-01
9.939219999999999722e-01
9.939219999999999722e-01
9.939219999999999722e-01
9.939219999999999722e-01
9.939219999999999722e-01
9.939219999999999722e-01
9.939219999999999722e-01
9.939219999999999722e-01
9.939219999999999722e-01
9.939219999999999722e-01
9.939219999999999722e-01
9.939219999999999722e-01
9.939219999999999722e-01
9.939219999999999722e-01
9.939219999999999722e-01
9.939219999999999722e-01
9.939219999999999722e-01
9.939219999999999722e-01
9.939219999999999722e-01
9.939219999999999722e-01
9.939219999999999722e-01
9.939219999999999722e-01
9.939219999999999722e-01
9.939219999999999722e-01
9.939219999999999722e-01
9.939219999999999722e-01
9.939219999999999722e-01
9.939219999999999722e-01
9.939219999999999722e-01
9.939219999999999722e-01
9.939219999999999722e-01
9.939219999999999722e-01
9.939219999999999722e-01
9.939219999999999722e-01
9.939219999999999722e-01
9.939219999999999722e-01
9.939219999999999722e-01
9.939219999999999722e-01
9.939219999999999722e-01
9.939219999999999722e-01
9.939219999999999722e-01
9.939219999999999722e-01
9.939219999999999722e-01
9.939219999999999722e-01
9.939219999999999722e-01
9.939219999999999722e-01
9.939219999999999722e-01
9.939219999999999722e-01
9.939219999999999722e-01
9.939219999999999722e-01
9.939219999999999722e-01
9.939219999999999722e-01
9.939219999999999722e-01
9.939219999999999722e-01
9.939219999999999722e-01
9.939219999999999722e-01
9.939219999999999722e-01
9.939219999999999722e-01
9.939219999999999722e-01
9.939219999999999722e-01
9.939219999999999722e-01
9.939219999999999722e-01
9.939219999999999722e-01
9.939219999999999722e-01
9.939219999999999722e-01
9.938390000000000279e-01
9.936000000000000387e-01
9.932710000000000150e-01
9.929230000000000000e-01
9.925399999999999778e-01
9.921870000000000411e-01
9.918510000000000382e-01
9.916120000000000489e-01
9.915500000000000425e-01
9.915340000000000265e-01
9.915199999999999569e-01
9.915089999999999737e-01
9.914979999999999905e-01
9.914929999999999577e-01
9.916129999999999667e-01
9.917979999999999574e-01
9.920350000000000001e-01
9.922009999999999996e-01
9.921940000000000204e-01
9.921879999999999589e-01
9.921820000000000084e-01
9.921020000000000394e-01
9.918639999999999679e-01
9.916310000000000402e-01
9.914659999999999584e-01
9.914089999999999847e-01
9.914049999999999807e-01
9.914009999999999767e-01
9.913969999999999727e-01
9.913929999999999687e-01
9.913889999999999647e-01
9.913849999999999607e-01
9.913819999999999855e-01
9.913790000000000102e-01
9.913760000000000350e-01
9.913720000000000310e-01
9.913699999999999735e-01
9.913669999999999982e-01
9.913640000000000230e-01
9.913610000000000477e-01
9.913589999999999902e-01
9.913570000000000437e-01
9.913539999999999575e-01
9.913520000000000110e-01
9.913499999999999535e-01
9.913480000000000070e-01
9.913459999999999495e-01
9.913440000000000030e-01
9.913419999999999455e-01
9.913410000000000277e-01
9.913389999999999702e-01
9.913370000000000237e-01
9.913359999999999950e-01
9.913340000000000485e-01
9.913330000000000197e-01
9.913319999999999910e-01
9.913300000000000445e-01
9.913290000000000157e-01
9.913279999999999870e-01
9.913269999999999582e-01
9.913260000000000405e-01
9.913250000000000117e-01
9.913239999999999830e-01
9.913229999999999542e-01
9.913220000000000365e-01
9.913210000000000077e-01
9.913210000000000077e-01
9.913199999999999790e-01
9.913189999999999502e-01
9.913180000000000325e-01
9.913220000000000365e-01
9.914239999999999720e-01
9.915899999999999714e-01
9.917709999999999582e-01
9.919689999999999896e-01
9.921459999999999724e-01
9.923079999999999679e-01
9.924230000000000551e-01
9.924920000000000408e-01
9.925009999999999666e-01
9.924479999999999968e-01
9.923459999999999503e-01
9.921929999999999916e-01
9.920210000000000417e-01
9.918230000000000102e-01
9.916380000000000194e-01
9.914619999999999544e-01
9.913389999999999702e-01
9.913140000000000285e-01
9.913149999999999462e-01
9.913149999999999462e-01
9.913149999999999462e-01
9.913159999999999750e-01
9.913170000000000037e-01
9.913170000000000037e-01
9.913180000000000325e-01
9.913180000000000325e-01
9.913189999999999502e-01
9.913199999999999790e-01
9.913210000000000077e-01
9.913210000000000077e-01
9.913220000000000365e-01
9.913229999999999542e-01
9.913239999999999830e-01
9.913250000000000117e-01
9.913260000000000405e-01
9.913269999999999582e-01
9.913279999999999870e-01
9.913290000000000157e-01
9.913300000000000445e-01
9.913319999999999910e-01
9.913330000000000197e-01
9.913349999999999662e-01
9.913359999999999950e-01
9.913370000000000237e-01
9.913389999999999702e-01
9.913410000000000277e-01
9.913429999999999742e-01
9.913440000000000030e-01
9.913459999999999495e-01
9.913480000000000070e-01
9.913499999999999535e-01
9.913520000000000110e-01
9.913549999999999862e-01
9.913570000000000437e-01
9.913589999999999902e-01
9.913619999999999655e-01
9.913640000000000230e-01
9.913669999999999982e-01
9.913699999999999735e-01
9.913729999999999487e-01
9.913760000000000350e-01
9.913790000000000102e-01
9.913819999999999855e-01
9.913859999999999895e-01
9.913889999999999647e-01
9.913929999999999687e-01
9.913969999999999727e-01
9.914009999999999767e-01
9.914060000000000095e-01
9.914100000000000135e-01
9.914150000000000462e-01
9.914199999999999680e-01
9.914250000000000007e-01
9.914300000000000335e-01
9.914359999999999840e-01
9.914420000000000455e-01
9.914490000000000247e-01
9.914560000000000040e-01
9.914629999999999832e-01
9.914709999999999912e-01
9.914800000000000280e-01
9.914889999999999537e-01
9.914990000000000192e-01
9.915100000000000025e-01
9.915220000000000145e-01
9.915359999999999729e-01
9.915519999999999889e-01
9.916340000000000154e-01
9.918850000000000167e-01
9.922269999999999701e-01
9.925819999999999643e-01
9.929649999999999865e-01
9.933100000000000263e-01
9.936319999999999597e-01
9.938599999999999657e-01
9.939219999999999722e-01
9.939219999999999722e-01
9.939219999999999722e-01
9.939219999999999722e-01
9.939219999999999722e-01
9.939219999999999722e-01
9.939219999999999722e-01
9.939219999999999722e-01
9.939219999999999722e-01
9.939219999999999722e-01
9.939219999999999722e-01
9.939219999999999722e-01
9.939219999999999722e-01
9.939219999999999722e-01
9.939219999999999722e-01
9.939219999999999722e-01
9.939219999999999722e-01
9.939219999999999722e-01
9.939219999999999722e-01
9.939219999999999722e-01
9.939219999999999722e-01
9.939219999999999722e-01
9.939219999999999722e-01
9.939219999999999722e-01
9.939219999999999722e-01
9.939219999999999722e-01
9.939219999999999722e-01
9.939219999999999722e-01
9.939219999999999722e-01
9.939219999999999722e-01
9.939219999999999722e-01
9.939219999999999722e-01
9.939219999999999722e-01
9.939219999999999722e-01
9.939219999999999722e-01
9.939219999999999722e-01
9.939219999999999722e-01
9.939219999999999722e-01
9.939219999999999722e-01
9.939219999999999722e-01
9.939219999999999722e-01
9.939219999999999722e-01
9.939219999999999722e-01
9.939219999999999722e-01
9.939219999999999722e-01
9.939219999999999722e-01
9.939219999999999722e-01
9.939219999999999722e-01
9.939219999999999722e-01
9.939219999999999722e-01
9.939219999999999722e-01
9.939219999999999722e-01
9.939219999999999722e-01
9.939219999999999722e-01
9.939219999999999722e-01
9.939219999999999722e-01
9.939219999999999722e-01
9.939219999999999722e-01
9.939219999999999722e-01
9.939219999999999722e-01
9.939219999999999722e-01
9.939219999999999722e-01
9.939219999999999722e-01
9.939219999999999722e-01
9.939219999999999722e-01
9.939219999999999722e-01
9.939219999999999722e-01
9.939219999999999722e-01
9.939219999999999722e-01
9.939219999999999722e-01
9.939219999999999722e-01
9.939219999999999722e-01
9.939219999999999722e-01
9.939219999999999722e-01
9.939219999999999722e-01
9.939219999999999722e-01
9.939219999999999722e-01
9.939219999999999722e-01
9.939219999999999722e-01
9.939219999999999722e-01
9.939219999999999722e-01
9.939219999999999722e-01
9.939219999999999722e-01
9.939219999999999722e-01
9.939219999999999722e-01
9.939219999999999722e-01
9.939219999999999722e-01
9.939219999999999722e-01
9.939219999999999722e-01
9.939219999999999722e-01
9.939219999999999722e-01
9.939219999999999722e-01
9.939219999999999722e-01
9.939219999999999722e-01
9.939219999999999722e-01
9.939219999999999722e-01
9.939219999999999722e-01
9.939219999999999722e-01
9.939219999999999722e-01
9.939219999999999722e-01
9.939219999999999722e-01
9.939219999999999722e-01
9.939219999999999722e-01
9.939219999999999722e-01
9.939219999999999722e-01
9.939219999999999722e-01
9.939219999999999722e-01
9.939219999999999722e-01
9.939219999999999722e-01
9.939219999999999722e-01
9.939219999999999722e-01
9.939219999999999722e-01
9.939219999999999722e-01
9.939219999999999722e-01
9.939219999999999722e-01
9.939219999999999722e-01
9.939219999999999722e-01
9.939219999999999722e-01
9.939219999999999722e-01
9.939219999999999722e-01
9.939219999999999722e-01
9.939219999999999722e-01
9.939219999999999722e-01
9.939219999999999722e-01
9.939219999999999722e-01
9.939219999999999722e-01
9.939219999999999722e-01
9.939219999999999722e-01
9.939219999999999722e-01
9.939219999999999722e-01
9.939219999999999722e-01
9.939219999999999722e-01
9.939219999999999722e-01
9.939219999999999722e-01
9.939219999999999722e-01
9.939219999999999722e-01
9.939219999999999722e-01
9.939219999999999722e-01
9.939219999999999722e-01
9.939219999999999722e-01
9.939219999999999722e-01
9.939219999999999722e-01
9.939219999999999722e-01
9.939219999999999722e-01
9.939219999999999722e-01
9.939219999999999722e-01
9.939219999999999722e-01
9.939219999999999722e-01
9.939219999999999722e-01
9.939219999999999722e-01
9.939219999999999722e-01
9.939219999999999722e-01
9.939219999999999722e-01
9.939219999999999722e-01
9.939219999999999722e-01
9.939219999999999722e-01
9.939219999999999722e-01
9.939219999999999722e-01
9.939219999999999722e-01
9.939219999999999722e-01
9.939219999999999722e-01
9.939219999999999722e-01
9.939219999999999722e-01
9.939219999999999722e-01
9.939219999999999722e-01
9.939219999999999722e-01
9.939219999999999722e-01
