9.939219999999999722e-01
9.939219999999999722e-01
9.939219999999999722e-01
9.939219999999999722e-01
9.939219999999999722e-01
9.939219999999999722e-01
9.939219999999999722e-01
9.939219999999999722e-01
9.939219999999999722e-01
9.939219999999999722e-01
9.939219999999999722e-01
9.939219999999999722e-01
9.939219999999999722e-01
9.939219999999999722e-01
9.939219999999999722e-01
9.939219999999999722e-01
9.939219999999999722e-01
9.939219999999999722e-01
9.939219999999999722e-01
9.939219999999999722e-01
9.939219999999999722e-01
9.939219999999999722e-01
9.939219999999999722e-01
9.939219999999999722e-01
9.939219999999999722e-01
9.939219999999999722e-01
9.939219999999999722e-01
9.939219999999999722e-01
9.939219999999999722e-01
9.939219999999999722e-01
9.939219999999999722e-01
9.939219999999999722e-01
9.939219999999999722e-01
9.939219999999999722e-01
9.939219999999999722e-01
9.939219999999999722e-01
9.939219999999999722e-01
9.939219999999999722e-01
9.939219999999999722e-01
9.939219999999999722e-01
9.939219999999999722e-01
9.939219999999999722e-01
9.939219999999999722e-01
9.939219999999999722e-01
9.939219999999999722e-01
9.939219999999999722e-01
9.939219999999999722e-01
9.939219999999999722e-01
9.939219999999999722e-01
9.939219999999999722e-01
9.939219999999999722e-01
9.939219999999999722e-01
9.939219999999999722e-01
9.939219999999999722e-01
9.939219999999999722e-01
9.939219999999999722e-01
9.939219999999999722e-01
9.939219999999999722e-01
9.939219999999999722e-01
9.939219999999999722e-01
9.939219999999999722e-01
9.939219999999999722e-01
9.939219999999999722e-01
9.939219999999999722e-01
9.939219999999999722e-01
9.939219999999999722e-01
9.939219999999999722e-01
9.939219999999999722e-01
9.939219999999999722e-01
9.939219999999999722e-01
9.939219999999999722e-01
9.939219999999999722e-01
9.939219999999999722e-01
9.939219999999999722e-01
9.939219999999999722e-01
9.939219999999999722e-01
9.939219999999999722e-01
9.939219999999999722e-01
9.939219999999999722e-01
9.939219999999999722e-01
9.939219999999999722e-01
9.939219999999999722e-01
9.939219999999999722e-01
9.939219999999999722e-01
9.939219999999999722e-01
9.939219999999999722e-01
9.939219999999999722e-01
9.939219999999999722e-01
9.939219999999999722e-01
9.939219999999999722e-01
9.939219999999999722e-01
9.939219999999999722e-01
9.939219999999999722e-01
9.939219999999999722e-01
9.939219999999999722e-01
9.939219999999999722e-01
9.939219999999999722e-01
9.939219999999999722e-01
9.939219999999999722e-01
9.939219999999999722e-01
9.939219999999999722e-01
9.939219999999999722e-01
9.939219999999999722e-01
9.939219999999999722e-01
9.939219999999999722e-01
9.939219999999999722e-01
9.939219999999999722e-01
9.939219999999999722e-01
9.939219999999999722e-01
9.939219999999999722e-01
9.939219999999999722e-01
9.939219999999999722e-01
9.939219999999999722e-01
9.939219999999999722e-01
9.939219999999999722e-01
9.939219999999999722e-01
9.939219999999999722e-01
9.939219999999999722e-01
9.939219999999999722e-01
9.939219999999999722e-01
9.939219999999999722e-01
9.939219999999999722e-01
9.939219999999999722e-01
9.939219999999999722e-01
9.939219999999999722e-01
9.939219999999999722e-01
9.939219999999999722e-01
9.939219999999999722e-01
9.939219999999999722e-01
9.939219999999999722e-01
9.939219999999999722e-01
9.939219999999999722e-01
9.939219999999999722e-01
9.939219999999999722e-01
9.939219999999999722e-01
9.939219999999999722e-01
9.939219999999999722e-01
9.939219999999999722e-01
9.939219999999999722e-01
9.939219999999999722e-01
9.939219999999999722e-01
9.939219999999999722e-01
9.939219999999999722e-01
9.939219999999999722e-01
9.939219999999999722e-01
9.939219999999999722e-01
9.939219999999999722e-01
9.939219999999999722e-01
9.939219999999999722e-01
9.939219999999999722e-01
9.939219999999999722e-01
9.939219999999999722e-01
9.939219999999999722e-01
9.939219999999999722e-01
9.939219999999999722e-01
9.939219999999999722e-01
9.939219999999999722e-01
9.939219999999999722e-01
9.939219999999999722e-01
9.939219999999999722e-01
9.939219999999999722e-01
9.939219999999999722e-01
9.939219999999999722e-01
9.939219999999999722e-01
9.939219999999999722e-01
9.939219999999999722e-01
9.939219999999999722e-01
9.938390000000000279e-01
9.936000000000000387e-01
9.932710000000000150e-01
9.929230000000000000e-01
9.925399999999999778e-01
9.921870000000000411e-01
9.918510000000000382e-01
9.916120000000000489e-01
9.915500000000000425e-01
9.915340000000000265e-01
9.915199999999999569e-01
9.915089999999999737e-01
9.914979999999999905e-01
9.914880000000000360e-01
9.914789999999999992e-01
9.914709999999999912e-01
9.914619999999999544e-01
9.914549999999999752e-01
9.914479999999999960e-01
9.914420000000000455e-01
9.914359999999999840e-01
9.914300000000000335e-01
9.914239999999999720e-01
9.914190000000000502e-01
9.914140000000000175e-01
9.914089999999999847e-01
9.914049999999999807e-01
9.914009999999999767e-01
9.913969999999999727e-01
9.913929999999999687e-01
9.913889999999999647e-01
9.913849999999999607e-01
9.913819999999999855e-01
9.913790000000000102e-01
9.913760000000000350e-01
9.913720000000000310e-01
9.913699999999999735e-01
9.913669999999999982e-01
9.913640000000000230e-01
9.913610000000000477e-01
9.913589999999999902e-01
9.913570000000000437e-01
9.913539999999999575e-01
9.913520000000000110e-01
9.913499999999999535e-01
9.913480000000000070e-01
9.913459999999999495e-01
9.913440000000000030e-01
9.913419999999999455e-01
9.913410000000000277e-01
9.913389999999999702e-01
9.913370000000000237e-01
9.913359999999999950e-01
9.913340000000000485e-01
9.913330000000000197e-01
9.913319999999999910e-01
9.913300000000000445e-01
9.913290000000000157e-01
9.913279999999999870e-01
9.913269999999999582e-01
9.913260000000000405e-01
9.913250000000000117e-01
9.913239999999999830e-01
9.913229999999999542e-01
9.913220000000000365e-01
9.913210000000000077e-01
9.913210000000000077e-01
9.913199999999999790e-01
9.913189999999999502e-01
9.913180000000000325e-01
9.913180000000000325e-01
9.913170000000000037e-01
9.913170000000000037e-01
9.914079999999999560e-01
9.915979999999999794e-01
9.918200000000000349e-01
9.920799999999999619e-01
9.923319999999999919e-01
9.925899999999999723e-01
9.928069999999999951e-01
9.929850000000000065e-01
9.930849999999999955e-01
9.931079999999999908e-01
9.930489999999999595e-01
9.929059999999999553e-01
9.927129999999999566e-01
9.924669999999999881e-01
9.922170000000000156e-01
9.919510000000000272e-01
9.917139999999999844e-01
9.914969999999999617e-01
9.913490000000000357e-01
9.913159999999999750e-01
9.913170000000000037e-01
9.913170000000000037e-01
9.913180000000000325e-01
9.913180000000000325e-01
9.913189999999999502e-01
9.913199999999999790e-01
9.913210000000000077e-01
9.913210000000000077e-01
9.913220000000000365e-01
9.913229999999999542e-01
9.913239999999999830e-01
9.913250000000000117e-01
9.913260000000000405e-01
9.913269999999999582e-01
9.913279999999999870e-01
9.913290000000000157e-01
9.913300000000000445e-01
9.913319999999999910e-01
9.913330000000000197e-01
9.913349999999999662e-01
9.913359999999999950e-01
9.913370000000000237e-01
9.913389999999999702e-01
9.913410000000000277e-01
9.913429999999999742e-01
9.913440000000000030e-01
9.913459999999999495e-01
9.913480000000000070e-01
9.913499999999999535e-01
9.913520000000000110e-01
9.913549999999999862e-01
9.913570000000000437e-01
9.913589999999999902e-01
9.913619999999999655e-01
9.913640000000000230e-01
9.913669999999999982e-01
9.913699999999999735e-01
9.913729999999999487e-01
9.913760000000000350e-01
9.913790000000000102e-01
9.913819999999999855e-01
9.913859999999999895e-01
9.913889999999999647e-01
9.913929999999999687e-01
9.913969999999999727e-01
9.914009999999999767e-01
9.914060000000000095e-01
9.914100000000000135e-01
9.914560000000000040e-01
9.915939999999999754e-01
9.917650000000000077e-01
9.918940000000000534e-01
9.919609999999999816e-01
9.919719999999999649e-01
9.919390000000000152e-01
9.918639999999999679e-01
9.917420000000000124e-01
9.916080000000000449e-01
9.914969999999999617e-01
9.914889999999999537e-01
9.914990000000000192e-01
9.915100000000000025e-01
9.915220000000000145e-01
9.915359999999999729e-01
9.915519999999999889e-01
9.916340000000000154e-01
9.918850000000000167e-01
9.922269999999999701e-01
9.925819999999999643e-01
9.929649999999999865e-01
9.933100000000000263e-01
9.936319999999999597e-01
9.938599999999999657e-01
9.939219999999999722e-01
9.939219999999999722e-01
9.939219999999999722e-01
9.939219999999999722e-01
9.939219999999999722e-01
9.939219999999999722e-01
9.939219999999999722e-01
9.939219999999999722e-01
9.939219999999999722e-01
9.939219999999999722e-01
9.939219999999999722e-01
9.939219999999999722e-01
9.939219999999999722e-01
9.939219999999999722e-01
9.939219999999999722e-01
9.939219999999999722e-01
9.939219999999999722e-01
9.939219999999999722e-01
9.939219999999999722e-01
9.939219999999999722e-01
9.939219999999999722e-01
9.939219999999999722e-01
9.939219999999999722e-01
9.939219999999999722e-01
9.939219999999999722e-01
9.939219999999999722e-01
9.939219999999999722e-01
9.939219999999999722e-01
9.939219999999999722e-01
9.939219999999999722e-01
9.939219999999999722e-01
9.939219999999999722e-01
9.939219999999999722e-01
9.939219999999999722e-01
9.939219999999999722e-01
9.939219999999999722e-01
9.939219999999999722e-01
9.939219999999999722e-01
9.939219999999999722e-01
9.939219999999999722e-01
9.939219999999999722e-01
9.939219999999999722e-01
9.939219999999999722e-01
9.939219999999999722e-01
9.939219999999999722e-01
9.939219999999999722e-01
9.939219999999999722e-01
9.939219999999999722e-01
9.939219999999999722e-01
9.939219999999999722e-01
9.939219999999999722e-01
9.939219999999999722e-01
9.939219999999999722e-01
9.939219999999999722e-01
9.939219999999999722e-01
9.939219999999999722e-01
9.939219999999999722e-01
9.939219999999999722e-01
9.939219999999999722e-01
9.939219999999999722e-01
9.939219999999999722e-01
9.939219999999999722e-01
9.939219999999999722e-01
9.939219999999999722e-01
9.939219999999999722e-01
9.939219999999999722e-01
9.939219999999999722e-01
9.939219999999999722e-01
9.939219999999999722e-01
9.939219999999999722e-01
9.939219999999999722e-01
9.939219999999999722e-01
9.939219999999999722e-01
9.939219999999999722e-01
9.939219999999999722e-01
9.939219999999999722e-01
9.939219999999999722e-01
9.939219999999999722e-01
9.939219999999999722e-01
9.939219999999999722e-01
9.939219999999999722e-01
9.939219999999999722e-01
9.939219999999999722e-01
9.939219999999999722e-01
9.939219999999999722e-01
9.939219999999999722e-01
9.939219999999999722e-01
9.939219999999999722e-01
9.939219999999999722e-01
9.939219999999999722e-01
9.939219999999999722e-01
9.939219999999999722e-01
9.939219999999999722e-01
9.939219999999999722e-01
9.939219999999999722e-01
9.939219999999999722e-01
9.939219999999999722e-01
9.939219999999999722e-01
9.939219999999999722e-01
9.939219999999999722e-01
9.939219999999999722e-01
9.939219999999999722e-01
9.939219999999999722e-01
9.939219999999999722e-01
9.939219999999999722e-01
9.939219999999999722e-01
9.939219999999999722e-01
9.939219999999999722e-01
9.939219999999999722e-01
9.939219999999999722e-01
9.939219999999999722e-01
9.939219999999999722e-01
9.939219999999999722e-01
9.939219999999999722e-01
9.939219999999999722e-01
9.939219999999999722e-01
9.939219999999999722e-01
9.939219999999999722e-01
9.939219999999999722e-01
9.939219999999999722e-01
9.939219999999999722e-01
9.939219999999999722e-01
9.939219999999999722e-01
9.939219999999999722e-01
9.939219999999999722e-01
9.939219999999999722e-01
9.939219999999999722e-01
9.939219999999999722e-01
9.939219999999999722e-01
9.939219999999999722e-01
9.939219999999999722e-01
9.939219999999999722e-01
9.939219999999999722e-01
9.939219999999999722e-01
9.939219999999999722e-01
9.939219999999999722e-01
9.939219999999999722e-01
9.939219999999999722e-01
9.939219999999999722e-01
9.939219999999999722e-01
9.939219999999999722e-01
9.939219999999999722e-01
9.939219999999999722e-01
9.939219999999999722e-01
9.939219999999999722e-01
9.939219999999999722e-01
9.939219999999999722e-01
9.939219999999999722e-01
9.939219999999999722e-01
9.939219999999999722e-01
9.939219999999999722e-01
9.939219999999999722e-01
9.939219999999999722e-01
9.939219999999999722e-01
9.939219999999999722e-01
9.939219999999999722e-01
9.939219999999999722e-01
9.939219999999999722e-01
9.939219999999999722e-01
9.939219999999999722e-01
9.939219999999999722e-01
9.939219999999999722e-01
9.939219999999999722e-01
9.939219999999999722e-01
9.939219999999999722e-01
9.939219999999999722e-01
9.939219999999999722e-01
