9.979259999999999797e-01
9.979259999999999797e-01
9.979259999999999797e-01
9.979259999999999797e-01
9.979259999999999797e-01
9.979259999999999797e-01
9.979259999999999797e-01
9.979259999999999797e-01
9.979259999999999797e-01
9.979259999999999797e-01
9.979259999999999797e-01
9.979259999999999797e-01
9.979259999999999797e-01
9.979249999999999510e-01
9.979249999999999510e-01
9.979249999999999510e-01
9.979249999999999510e-01
9.979249999999999510e-01
9.979249999999999510e-01
9.979249999999999510e-01
9.979249999999999510e-01
9.979249999999999510e-01
9.979249999999999510e-01
9.979249999999999510e-01
9.979249999999999510e-01
9.979249999999999510e-01
9.979249999999999510e-01
9.979249999999999510e-01
9.979249999999999510e-01
9.979249999999999510e-01
9.979249999999999510e-01
9.979249999999999510e-01
9.979249999999999510e-01
9.979249999999999510e-01
9.979249999999999510e-01
9.979249999999999510e-01
9.979249999999999510e-01
9.979249999999999510e-01
9.979249999999999510e-01
9.979249999999999510e-01
9.979249999999999510e-01
9.979249999999999510e-01
9.979249999999999510e-01
9.979249999999999510e-01
9.979249999999999510e-01
9.979249999999999510e-01
9.979249999999999510e-01
9.979249999999999510e-01
9.979240000000000332e-01
9.979240000000000332e-01
9.979240000000000332e-01
9.979240000000000332e-01
9.979240000000000332e-01
9.979240000000000332e-01
9.979240000000000332e-01
9.979240000000000332e-01
9.979240000000000332e-01
9.979240000000000332e-01
9.979240000000000332e-01
9.979240000000000332e-01
9.979240000000000332e-01
9.979240000000000332e-01
9.979240000000000332e-01
9.979240000000000332e-01
9.979240000000000332e-01
9.979240000000000332e-01
9.979240000000000332e-01
9.979240000000000332e-01
9.979240000000000332e-01
9.979240000000000332e-01
9.979240000000000332e-01
9.979240000000000332e-01
9.979240000000000332e-01
9.979240000000000332e-01
9.979240000000000332e-01
9.979240000000000332e-01
9.979240000000000332e-01
9.979240000000000332e-01
9.979240000000000332e-01
9.979240000000000332e-01
9.979240000000000332e-01
9.979240000000000332e-01
9.979240000000000332e-01
9.979240000000000332e-01
9.979240000000000332e-01
9.979240000000000332e-01
9.979240000000000332e-01
9.979240000000000332e-01
9.979240000000000332e-01
9.979230000000000045e-01
9.979230000000000045e-01
9.979230000000000045e-01
9.979230000000000045e-01
9.979230000000000045e-01
9.979230000000000045e-01
9.979230000000000045e-01
9.979230000000000045e-01
9.979230000000000045e-01
9.979230000000000045e-01
9.979230000000000045e-01
9.979230000000000045e-01
9.979230000000000045e-01
9.979230000000000045e-01
9.979230000000000045e-01
9.979230000000000045e-01
9.979230000000000045e-01
9.979230000000000045e-01
9.979230000000000045e-01
9.979230000000000045e-01
9.979230000000000045e-01
9.979230000000000045e-01
9.979230000000000045e-01
9.979230000000000045e-01
9.979230000000000045e-01
9.979230000000000045e-01
9.979230000000000045e-01
9.979230000000000045e-01
9.979230000000000045e-01
9.979230000000000045e-01
9.979230000000000045e-01
9.979230000000000045e-01
9.979230000000000045e-01
9.979230000000000045e-01
9.979230000000000045e-01
9.979230000000000045e-01
9.979230000000000045e-01
9.979230000000000045e-01
9.979230000000000045e-01
9.979230000000000045e-01
9.979230000000000045e-01
9.979230000000000045e-01
9.979230000000000045e-01
9.979230000000000045e-01
9.979230000000000045e-01
9.979230000000000045e-01
9.979230000000000045e-01
9.979230000000000045e-01
9.979230000000000045e-01
9.979230000000000045e-01
9.979230000000000045e-01
9.979230000000000045e-01
9.979230000000000045e-01
9.979230000000000045e-01
9.979230000000000045e-01
9.979230000000000045e-01
9.979230000000000045e-01
9.979230000000000045e-01
9.979219999999999757e-01
9.979219999999999757e-01
9.979219999999999757e-01
9.979219999999999757e-01
9.979219999999999757e-01
9.979219999999999757e-01
9.979219999999999757e-01
9.979219999999999757e-01
9.979219999999999757e-01
9.979219999999999757e-01
9.979219999999999757e-01
9.979219999999999757e-01
9.979219999999999757e-01
9.979219999999999757e-01
9.979219999999999757e-01
9.979219999999999757e-01
9.979219999999999757e-01
9.979219999999999757e-01
9.979219999999999757e-01
9.979209999999999470e-01
9.977470000000000505e-01
9.974709999999999965e-01
9.971200000000000063e-01
9.967610000000000081e-01
9.963769999999999571e-01
9.960339999999999749e-01
9.957260000000000000e-01
9.955600000000000005e-01
9.955420000000000380e-01
9.955279999999999685e-01
9.955150000000000388e-01
9.955039999999999445e-01
9.954929999999999612e-01
9.954840000000000355e-01
9.954749999999999988e-01
9.954669999999999908e-01
9.954589999999999828e-01
9.954520000000000035e-01
9.954450000000000243e-01
9.954380000000000450e-01
9.954330000000000123e-01
9.954269999999999508e-01
9.954220000000000290e-01
9.954159999999999675e-01
9.954119999999999635e-01
9.954070000000000418e-01
9.954030000000000378e-01
9.953980000000000050e-01
9.953940000000000010e-01
9.953899999999999970e-01
9.953870000000000218e-01
9.953830000000000178e-01
9.953800000000000425e-01
9.953760000000000385e-01
9.953729999999999523e-01
9.953699999999999770e-01
9.953670000000000018e-01
9.953650000000000553e-01
9.953619999999999690e-01
9.953589999999999938e-01
9.953570000000000473e-01
9.953549999999999898e-01
9.953520000000000145e-01
9.953499999999999570e-01
9.953480000000000105e-01
9.953459999999999530e-01
9.953440000000000065e-01
9.953419999999999490e-01
9.953410000000000313e-01
9.953389999999999738e-01
9.953370000000000273e-01
9.953349999999999698e-01
9.953340000000000520e-01
9.953330000000000233e-01
9.953309999999999658e-01
9.953300000000000480e-01
9.953290000000000193e-01
9.953269999999999618e-01
9.953260000000000440e-01
9.953250000000000153e-01
9.953239999999999865e-01
9.953229999999999578e-01
9.953220000000000400e-01
9.953210000000000113e-01
9.953199999999999825e-01
9.953199999999999825e-01
9.953189999999999538e-01
9.953180000000000360e-01
9.953170000000000073e-01
9.953170000000000073e-01
9.953159999999999785e-01
9.953149999999999498e-01
9.953140000000000320e-01
9.953140000000000320e-01
9.953140000000000320e-01
9.953140000000000320e-01
9.953140000000000320e-01
9.953140000000000320e-01
9.953140000000000320e-01
9.953269999999999618e-01
9.953680000000000305e-01
9.954030000000000378e-01
9.954239999999999755e-01
9.954229999999999468e-01
9.953999999999999515e-01
9.953629999999999978e-01
9.953229999999999578e-01
9.953140000000000320e-01
9.953140000000000320e-01
9.953140000000000320e-01
9.953140000000000320e-01
9.953140000000000320e-01
9.953140000000000320e-01
9.953140000000000320e-01
9.953149999999999498e-01
9.953159999999999785e-01
9.953170000000000073e-01
9.953170000000000073e-01
9.953180000000000360e-01
9.953189999999999538e-01
9.953199999999999825e-01
9.953210000000000113e-01
9.953210000000000113e-01
9.953220000000000400e-01
9.953229999999999578e-01
9.953239999999999865e-01
9.953250000000000153e-01
9.953260000000000440e-01
9.953279999999999905e-01
9.953290000000000193e-01
9.953300000000000480e-01
9.953309999999999658e-01
9.953330000000000233e-01
9.953340000000000520e-01
9.953359999999999985e-01
9.953370000000000273e-01
9.953389999999999738e-01
9.953410000000000313e-01
9.953419999999999490e-01
9.953440000000000065e-01
9.953459999999999530e-01
9.953480000000000105e-01
9.953499999999999570e-01
9.953530000000000433e-01
9.953549999999999898e-01
9.953570000000000473e-01
9.953600000000000225e-01
9.953619999999999690e-01
9.953650000000000553e-01
9.953680000000000305e-01
9.953710000000000058e-01
9.953739999999999810e-01
9.953769999999999563e-01
9.953800000000000425e-01
9.953830000000000178e-01
9.953870000000000218e-01
9.953910000000000258e-01
9.953950000000000298e-01
9.953990000000000338e-01
9.954030000000000378e-01
9.954070000000000418e-01
9.954119999999999635e-01
9.954169999999999963e-01
9.954220000000000290e-01
9.954269999999999508e-01
9.954330000000000123e-01
9.954389999999999628e-01
9.954460000000000530e-01
9.954520000000000035e-01
9.954600000000000115e-01
9.954669999999999908e-01
9.954749999999999988e-01
9.954849999999999532e-01
9.954939999999999900e-01
9.955049999999999732e-01
9.955159999999999565e-01
9.955289999999999973e-01
9.955439999999999845e-01
9.955650000000000333e-01
9.957559999999999745e-01
9.960719999999999574e-01
9.964190000000000547e-01
9.968040000000000234e-01
9.971609999999999641e-01
9.975070000000000325e-01
9.977740000000000498e-01
9.979219999999999757e-01
9.979219999999999757e-01
9.979219999999999757e-01
9.979219999999999757e-01
9.979219999999999757e-01
9.979219999999999757e-01
9.979219999999999757e-01
9.979219999999999757e-01
9.979219999999999757e-01
9.979219999999999757e-01
9.979219999999999757e-01
9.979219999999999757e-01
9.979219999999999757e-01
9.979219999999999757e-01
9.979219999999999757e-01
9.979219999999999757e-01
9.979219999999999757e-01
9.979219999999999757e-01
9.979219999999999757e-01
9.979219999999999757e-01
9.979230000000000045e-01
9.979230000000000045e-01
9.979230000000000045e-01
9.979230000000000045e-01
9.979230000000000045e-01
9.979230000000000045e-01
9.979230000000000045e-01
9.979230000000000045e-01
9.979230000000000045e-01
9.979230000000000045e-01
9.979230000000000045e-01
9.979230000000000045e-01
9.979230000000000045e-01
9.979230000000000045e-01
9.979230000000000045e-01
9.979230000000000045e-01
9.979230000000000045e-01
9.979230000000000045e-01
9.979230000000000045e-01
9.979230000000000045e-01
9.979230000000000045e-01
9.979230000000000045e-01
9.979230000000000045e-01
9.979230000000000045e-01
9.979230000000000045e-01
9.979230000000000045e-01
9.979230000000000045e-01
9.979230000000000045e-01
9.979230000000000045e-01
9.979230000000000045e-01
9.979230000000000045e-01
9.979230000000000045e-01
9.979230000000000045e-01
9.979230000000000045e-01
9.979230000000000045e-01
9.979230000000000045e-01
9.979230000000000045e-01
9.979230000000000045e-01
9.979230000000000045e-01
9.979230000000000045e-01
9.979230000000000045e-01
9.979230000000000045e-01
9.979230000000000045e-01
9.979230000000000045e-01
9.979230000000000045e-01
9.979230000000000045e-01
9.979230000000000045e-01
9.979230000000000045e-01
9.979230000000000045e-01
9.979230000000000045e-01
9.979230000000000045e-01
9.979230000000000045e-01
9.979230000000000045e-01
9.979230000000000045e-01
9.979230000000000045e-01
9.979230000000000045e-01
9.979230000000000045e-01
9.979230000000000045e-01
9.979240000000000332e-01
9.979240000000000332e-01
9.979240000000000332e-01
9.979240000000000332e-01
9.979240000000000332e-01
9.979240000000000332e-01
9.979240000000000332e-01
9.979240000000000332e-01
9.979240000000000332e-01
9.979240000000000332e-01
9.979240000000000332e-01
9.979240000000000332e-01
9.979240000000000332e-01
9.979240000000000332e-01
9.979240000000000332e-01
9.979240000000000332e-01
9.979240000000000332e-01
9.979240000000000332e-01
9.979240000000000332e-01
9.979240000000000332e-01
9.979240000000000332e-01
9.979240000000000332e-01
9.979240000000000332e-01
9.979240000000000332e-01
9.979240000000000332e-01
9.979240000000000332e-01
9.979240000000000332e-01
9.979240000000000332e-01
9.979240000000000332e-01
9.979240000000000332e-01
9.979240000000000332e-01
9.979240000000000332e-01
9.979240000000000332e-01
9.979240000000000332e-01
9.979240000000000332e-01
9.979240000000000332e-01
9.979240000000000332e-01
9.979240000000000332e-01
9.979240000000000332e-01
9.979240000000000332e-01
9.979240000000000332e-01
9.979249999999999510e-01
9.979249999999999510e-01
9.979249999999999510e-01
9.979249999999999510e-01
9.979249999999999510e-01
9.979249999999999510e-01
9.979249999999999510e-01
9.979249999999999510e-01
9.979249999999999510e-01
9.979249999999999510e-01
9.979249999999999510e-01
9.979249999999999510e-01
9.979249999999999510e-01
9.979249999999999510e-01
9.979249999999999510e-01
9.979249999999999510e-01
9.979249999999999510e-01
9.979249999999999510e-01
9.979249999999999510e-01
9.979249999999999510e-01
9.979249999999999510e-01
9.979249999999999510e-01
9.979249999999999510e-01
9.979249999999999510e-01
9.979249999999999510e-01
9.979249999999999510e-01
9.979249999999999510e-01
9.979249999999999510e-01
9.979249999999999510e-01
9.979249999999999510e-01
9.979249999999999510e-01
9.979249999999999510e-01
9.979249999999999510e-01
9.979249999999999510e-01
9.979249999999999510e-01
9.979259999999999797e-01
9.979259999999999797e-01
9.979259999999999797e-01
9.979259999999999797e-01
9.979259999999999797e-01
9.979259999999999797e-01
9.979259999999999797e-01
9.979259999999999797e-01
9.979259999999999797e-01
9.979259999999999797e-01
9.979259999999999797e-01
9.979259999999999797e-01
9.979259999999999797e-01
