9.985680000000000112e-01
9.985680000000000112e-01
9.985680000000000112e-01
9.985680000000000112e-01
9.985680000000000112e-01
9.985680000000000112e-01
9.985680000000000112e-01
9.985680000000000112e-01
9.985680000000000112e-01
9.985680000000000112e-01
9.985680000000000112e-01
9.985680000000000112e-01
9.985680000000000112e-01
9.985680000000000112e-01
9.985680000000000112e-01
9.985680000000000112e-01
9.985680000000000112e-01
9.985680000000000112e-01
9.985680000000000112e-01
9.985680000000000112e-01
9.985680000000000112e-01
9.985680000000000112e-01
9.985680000000000112e-01
9.985680000000000112e-01
9.985680000000000112e-01
9.985680000000000112e-01
9.985680000000000112e-01
9.985680000000000112e-01
9.985680000000000112e-01
9.985680000000000112e-01
9.985680000000000112e-01
9.985680000000000112e-01
9.985680000000000112e-01
9.985680000000000112e-01
9.985680000000000112e-01
9.985680000000000112e-01
9.985680000000000112e-01
9.985680000000000112e-01
9.985680000000000112e-01
9.985680000000000112e-01
9.985680000000000112e-01
9.985680000000000112e-01
9.985680000000000112e-01
9.985680000000000112e-01
9.985680000000000112e-01
9.985680000000000112e-01
9.985680000000000112e-01
9.985680000000000112e-01
9.985680000000000112e-01
9.985680000000000112e-01
9.985680000000000112e-01
9.985680000000000112e-01
9.985680000000000112e-01
9.985680000000000112e-01
9.985680000000000112e-01
9.985680000000000112e-01
9.985680000000000112e-01
9.985680000000000112e-01
9.985680000000000112e-01
9.985680000000000112e-01
9.985680000000000112e-01
9.985680000000000112e-01
9.985680000000000112e-01
9.985680000000000112e-01
9.985680000000000112e-01
9.985680000000000112e-01
9.985680000000000112e-01
9.985680000000000112e-01
9.985680000000000112e-01
9.985680000000000112e-01
9.985680000000000112e-01
9.985680000000000112e-01
9.985680000000000112e-01
9.985680000000000112e-01
9.985680000000000112e-01
9.985680000000000112e-01
9.985680000000000112e-01
9.985680000000000112e-01
9.985680000000000112e-01
9.985680000000000112e-01
9.985680000000000112e-01
9.985680000000000112e-01
9.985680000000000112e-01
9.985680000000000112e-01
9.985680000000000112e-01
9.985680000000000112e-01
9.985680000000000112e-01
9.985680000000000112e-01
9.985680000000000112e-01
9.985680000000000112e-01
9.985680000000000112e-01
9.985680000000000112e-01
9.985680000000000112e-01
9.985680000000000112e-01
9.985680000000000112e-01
9.985680000000000112e-01
9.985680000000000112e-01
9.985680000000000112e-01
9.985680000000000112e-01
9.985680000000000112e-01
9.985680000000000112e-01
9.985680000000000112e-01
9.985680000000000112e-01
9.985680000000000112e-01
9.985680000000000112e-01
9.985680000000000112e-01
9.985680000000000112e-01
9.985680000000000112e-01
9.985680000000000112e-01
9.985680000000000112e-01
9.985680000000000112e-01
9.985680000000000112e-01
9.985680000000000112e-01
9.985680000000000112e-01
9.985680000000000112e-01
9.985680000000000112e-01
9.985680000000000112e-01
9.985680000000000112e-01
9.985680000000000112e-01
9.985680000000000112e-01
9.985680000000000112e-01
9.985680000000000112e-01
9.985680000000000112e-01
9.985680000000000112e-01
9.985680000000000112e-01
9.985680000000000112e-01
9.985680000000000112e-01
9.985680000000000112e-01
9.985680000000000112e-01
9.985680000000000112e-01
9.985680000000000112e-01
9.985680000000000112e-01
9.985680000000000112e-01
9.985680000000000112e-01
9.985680000000000112e-01
9.985680000000000112e-01
9.985680000000000112e-01
9.985680000000000112e-01
9.985680000000000112e-01
9.985680000000000112e-01
9.985680000000000112e-01
9.985680000000000112e-01
9.985680000000000112e-01
9.985680000000000112e-01
9.985680000000000112e-01
9.985680000000000112e-01
9.985680000000000112e-01
9.985680000000000112e-01
9.985680000000000112e-01
9.985680000000000112e-01
9.985680000000000112e-01
9.985680000000000112e-01
9.985680000000000112e-01
9.985680000000000112e-01
9.985680000000000112e-01
9.985680000000000112e-01
9.985680000000000112e-01
9.985680000000000112e-01
9.985680000000000112e-01
9.985680000000000112e-01
9.985680000000000112e-01
9.985680000000000112e-01
9.985680000000000112e-01
9.985680000000000112e-01
9.985680000000000112e-01
9.985680000000000112e-01
9.985680000000000112e-01
9.985680000000000112e-01
9.985680000000000112e-01
9.985680000000000112e-01
9.985680000000000112e-01
9.985680000000000112e-01
9.985680000000000112e-01
9.984189999999999454e-01
9.981750000000000345e-01
9.978599999999999692e-01
9.975349999999999495e-01
9.971799999999999553e-01
9.968540000000000179e-01
9.965389999999999526e-01
9.963020000000000209e-01
9.962010000000000032e-01
9.961860000000000159e-01
9.961719999999999464e-01
9.961609999999999632e-01
9.961499999999999799e-01
9.961410000000000542e-01
9.961400000000000254e-01
9.962259999999999449e-01
9.963330000000000242e-01
9.964260000000000339e-01
9.964650000000000452e-01
9.964560000000000084e-01
9.964110000000000467e-01
9.963330000000000242e-01
9.962379999999999569e-01
9.961349999999999927e-01
9.960700000000000109e-01
9.960660000000000069e-01
9.960609999999999742e-01
9.960569999999999702e-01
9.960529999999999662e-01
9.960499999999999909e-01
9.960459999999999869e-01
9.960430000000000117e-01
9.960390000000000077e-01
9.960360000000000325e-01
9.960329999999999462e-01
9.960299999999999709e-01
9.960280000000000244e-01
9.960250000000000492e-01
9.960219999999999629e-01
9.960200000000000164e-01
9.960179999999999589e-01
9.960149999999999837e-01
9.960130000000000372e-01
9.960109999999999797e-01
9.960090000000000332e-01
9.960069999999999757e-01
9.960059999999999469e-01
9.960040000000000004e-01
9.960020000000000540e-01
9.960010000000000252e-01
9.959989999999999677e-01
9.959980000000000500e-01
9.959959999999999924e-01
9.959949999999999637e-01
9.959940000000000460e-01
9.959930000000000172e-01
9.959909999999999597e-01
9.959900000000000420e-01
9.960489999999999622e-01
9.961330000000000462e-01
9.962189999999999657e-01
9.962750000000000217e-01
9.962919999999999554e-01
9.962640000000000384e-01
9.961980000000000279e-01
9.961149999999999727e-01
9.960280000000000244e-01
9.959829999999999517e-01
9.959829999999999517e-01
9.959820000000000340e-01
9.959820000000000340e-01
9.959820000000000340e-01
9.959810000000000052e-01
9.959810000000000052e-01
9.959810000000000052e-01
9.959810000000000052e-01
9.959810000000000052e-01
9.959810000000000052e-01
9.959810000000000052e-01
9.959810000000000052e-01
9.959810000000000052e-01
9.959810000000000052e-01
9.959820000000000340e-01
9.959820000000000340e-01
9.959820000000000340e-01
9.959829999999999517e-01
9.959829999999999517e-01
9.959839999999999804e-01
9.959839999999999804e-01
9.959850000000000092e-01
9.959860000000000380e-01
9.959860000000000380e-01
9.959869999999999557e-01
9.959879999999999844e-01
9.959890000000000132e-01
9.959900000000000420e-01
9.959909999999999597e-01
9.959919999999999884e-01
9.959930000000000172e-01
9.959940000000000460e-01
9.959949999999999637e-01
9.959959999999999924e-01
9.959980000000000500e-01
9.959989999999999677e-01
9.960010000000000252e-01
9.960020000000000540e-01
9.960040000000000004e-01
9.960059999999999469e-01
9.960080000000000044e-01
9.960090000000000332e-01
9.960109999999999797e-01
9.960130000000000372e-01
9.960160000000000124e-01
9.960179999999999589e-01
9.960200000000000164e-01
9.960229999999999917e-01
9.960250000000000492e-01
9.960280000000000244e-01
9.960309999999999997e-01
9.960339999999999749e-01
9.960360000000000325e-01
9.960400000000000365e-01
9.960430000000000117e-01
9.960459999999999869e-01
9.960499999999999909e-01
9.960539999999999949e-01
9.960579999999999989e-01
9.960620000000000029e-01
9.960660000000000069e-01
9.960710000000000397e-01
9.960750000000000437e-01
9.960809999999999942e-01
9.960860000000000269e-01
9.960909999999999487e-01
9.960970000000000102e-01
9.961039999999999894e-01
9.961100000000000509e-01
9.961170000000000302e-01
9.961250000000000382e-01
9.961330000000000462e-01
9.961419999999999719e-01
9.961510000000000087e-01
9.961619999999999919e-01
9.961740000000000039e-01
9.961870000000000447e-01
9.962029999999999497e-01
9.963250000000000162e-01
9.965720000000000134e-01
9.968909999999999716e-01
9.972189999999999666e-01
9.975739999999999608e-01
9.978970000000000340e-01
9.982069999999999554e-01
9.984429999999999694e-01
9.985680000000000112e-01
9.985680000000000112e-01
9.985680000000000112e-01
9.985680000000000112e-01
9.985680000000000112e-01
9.985680000000000112e-01
9.985680000000000112e-01
9.985680000000000112e-01
9.985680000000000112e-01
9.985680000000000112e-01
9.985680000000000112e-01
9.985680000000000112e-01
9.985680000000000112e-01
9.985680000000000112e-01
9.985680000000000112e-01
9.985680000000000112e-01
9.985680000000000112e-01
9.985680000000000112e-01
9.985680000000000112e-01
9.985680000000000112e-01
9.985680000000000112e-01
9.985680000000000112e-01
9.985680000000000112e-01
9.985680000000000112e-01
9.985680000000000112e-01
9.985680000000000112e-01
9.985680000000000112e-01
9.985680000000000112e-01
9.985680000000000112e-01
9.985680000000000112e-01
9.985680000000000112e-01
9.985680000000000112e-01
9.985680000000000112e-01
9.985680000000000112e-01
9.985680000000000112e-01
9.985680000000000112e-01
9.985680000000000112e-01
9.985680000000000112e-01
9.985680000000000112e-01
9.985680000000000112e-01
9.985680000000000112e-01
9.985680000000000112e-01
9.985680000000000112e-01
9.985680000000000112e-01
9.985680000000000112e-01
9.985680000000000112e-01
9.985680000000000112e-01
9.985680000000000112e-01
9.985680000000000112e-01
9.985680000000000112e-01
9.985680000000000112e-01
9.985680000000000112e-01
9.985680000000000112e-01
9.985680000000000112e-01
9.985680000000000112e-01
9.985680000000000112e-01
9.985680000000000112e-01
9.985680000000000112e-01
9.985680000000000112e-01
9.985680000000000112e-01
9.985680000000000112e-01
9.985680000000000112e-01
9.985680000000000112e-01
9.985680000000000112e-01
9.985680000000000112e-01
9.985680000000000112e-01
9.985680000000000112e-01
9.985680000000000112e-01
9.985680000000000112e-01
9.985680000000000112e-01
9.985680000000000112e-01
9.985680000000000112e-01
9.985680000000000112e-01
9.985680000000000112e-01
9.985680000000000112e-01
9.985680000000000112e-01
9.985680000000000112e-01
9.985680000000000112e-01
9.985680000000000112e-01
9.985680000000000112e-01
9.985680000000000112e-01
9.985680000000000112e-01
9.985680000000000112e-01
9.985680000000000112e-01
9.985680000000000112e-01
9.985680000000000112e-01
9.985680000000000112e-01
9.985680000000000112e-01
9.985680000000000112e-01
9.985680000000000112e-01
9.985680000000000112e-01
9.985680000000000112e-01
9.985680000000000112e-01
9.985680000000000112e-01
9.985680000000000112e-01
9.985680000000000112e-01
9.985680000000000112e-01
9.985680000000000112e-01
9.985680000000000112e-01
9.985680000000000112e-01
9.985680000000000112e-01
9.985680000000000112e-01
9.985680000000000112e-01
9.985680000000000112e-01
9.985680000000000112e-01
9.985680000000000112e-01
9.985680000000000112e-01
9.985680000000000112e-01
9.985680000000000112e-01
9.985680000000000112e-01
9.985680000000000112e-01
9.985680000000000112e-01
9.985680000000000112e-01
9.985680000000000112e-01
9.985680000000000112e-01
9.985680000000000112e-01
9.985680000000000112e-01
9.985680000000000112e-01
9.985680000000000112e-01
9.985680000000000112e-01
9.985680000000000112e-01
9.985680000000000112e-01
9.985680000000000112e-01
9.985680000000000112e-01
9.985680000000000112e-01
9.985680000000000112e-01
9.985680000000000112e-01
9.985680000000000112e-01
9.985680000000000112e-01
9.985680000000000112e-01
9.985680000000000112e-01
9.985680000000000112e-01
9.985680000000000112e-01
9.985680000000000112e-01
9.985680000000000112e-01
9.985680000000000112e-01
9.985680000000000112e-01
9.985680000000000112e-01
9.985680000000000112e-01
9.985680000000000112e-01
9.985680000000000112e-01
9.985680000000000112e-01
9.985680000000000112e-01
9.985680000000000112e-01
9.985680000000000112e-01
9.985680000000000112e-01
9.985680000000000112e-01
9.985680000000000112e-01
9.985680000000000112e-01
9.985680000000000112e-01
9.985680000000000112e-01
9.985680000000000112e-01
9.985680000000000112e-01
9.985680000000000112e-01
9.985680000000000112e-01
9.985680000000000112e-01
9.985680000000000112e-01
9.985680000000000112e-01
9.985680000000000112e-01
9.985680000000000112e-01
9.985680000000000112e-01
9.985680000000000112e-01
9.985680000000000112e-01
9.985680000000000112e-01
9.985680000000000112e-01
9.985680000000000112e-01
9.985680000000000112e-01
9.985680000000000112e-01
9.985680000000000112e-01
9.985680000000000112e-01
9.985680000000000112e-01
9.985680000000000112e-01
9.985680000000000112e-01
