9.992499999999999716e-01
9.992499999999999716e-01
9.992499999999999716e-01
9.992499999999999716e-01
9.992499999999999716e-01
9.992499999999999716e-01
9.992499999999999716e-01
9.992499999999999716e-01
9.992499999999999716e-01
9.992499999999999716e-01
9.992499999999999716e-01
9.992499999999999716e-01
9.992499999999999716e-01
9.992499999999999716e-01
9.992499999999999716e-01
9.992499999999999716e-01
9.992499999999999716e-01
9.992499999999999716e-01
9.992499999999999716e-01
9.992499999999999716e-01
9.992499999999999716e-01
9.992499999999999716e-01
9.992499999999999716e-01
9.992499999999999716e-01
9.992499999999999716e-01
9.992499999999999716e-01
9.992499999999999716e-01
9.992499999999999716e-01
9.992499999999999716e-01
9.992499999999999716e-01
9.992499999999999716e-01
9.992499999999999716e-01
9.992499999999999716e-01
9.992499999999999716e-01
9.992499999999999716e-01
9.992499999999999716e-01
9.992499999999999716e-01
9.992499999999999716e-01
9.992499999999999716e-01
9.992499999999999716e-01
9.992499999999999716e-01
9.992499999999999716e-01
9.992499999999999716e-01
9.992499999999999716e-01
9.992499999999999716e-01
9.992499999999999716e-01
9.992499999999999716e-01
9.992499999999999716e-01
9.992499999999999716e-01
9.992499999999999716e-01
9.992499999999999716e-01
9.992499999999999716e-01
9.992499999999999716e-01
9.992499999999999716e-01
9.992499999999999716e-01
9.992499999999999716e-01
9.992499999999999716e-01
9.992499999999999716e-01
9.992499999999999716e-01
9.992499999999999716e-01
9.992499999999999716e-01
9.992499999999999716e-01
9.992499999999999716e-01
9.992499999999999716e-01
9.992499999999999716e-01
9.992499999999999716e-01
9.992499999999999716e-01
9.992499999999999716e-01
9.992499999999999716e-01
9.992499999999999716e-01
9.992499999999999716e-01
9.992499999999999716e-01
9.992499999999999716e-01
9.992499999999999716e-01
9.992499999999999716e-01
9.992499999999999716e-01
9.992499999999999716e-01
9.992499999999999716e-01
9.992499999999999716e-01
9.992499999999999716e-01
9.992499999999999716e-01
9.992499999999999716e-01
9.992499999999999716e-01
9.992499999999999716e-01
9.992499999999999716e-01
9.992499999999999716e-01
9.992499999999999716e-01
9.992499999999999716e-01
9.992499999999999716e-01
9.992499999999999716e-01
9.992499999999999716e-01
9.992499999999999716e-01
9.992499999999999716e-01
9.992499999999999716e-01
9.992499999999999716e-01
9.992499999999999716e-01
9.992499999999999716e-01
9.992499999999999716e-01
9.992499999999999716e-01
9.992499999999999716e-01
9.992499999999999716e-01
9.992499999999999716e-01
9.992499999999999716e-01
9.992499999999999716e-01
9.992499999999999716e-01
9.992499999999999716e-01
9.992499999999999716e-01
9.992499999999999716e-01
9.992499999999999716e-01
9.992499999999999716e-01
9.992499999999999716e-01
9.992499999999999716e-01
9.992499999999999716e-01
9.992499999999999716e-01
9.992499999999999716e-01
9.992499999999999716e-01
9.992499999999999716e-01
9.992499999999999716e-01
9.992499999999999716e-01
9.992499999999999716e-01
9.992499999999999716e-01
9.992499999999999716e-01
9.992499999999999716e-01
9.992499999999999716e-01
9.992499999999999716e-01
9.992499999999999716e-01
9.992499999999999716e-01
9.992499999999999716e-01
9.992499999999999716e-01
9.992499999999999716e-01
9.992499999999999716e-01
9.992499999999999716e-01
9.992499999999999716e-01
9.992499999999999716e-01
9.992499999999999716e-01
9.992499999999999716e-01
9.992499999999999716e-01
9.992499999999999716e-01
9.992499999999999716e-01
9.992499999999999716e-01
9.992499999999999716e-01
9.992499999999999716e-01
9.992499999999999716e-01
9.992499999999999716e-01
9.992499999999999716e-01
9.992499999999999716e-01
9.992499999999999716e-01
9.992499999999999716e-01
9.992499999999999716e-01
9.992499999999999716e-01
9.992499999999999716e-01
9.992499999999999716e-01
9.992499999999999716e-01
9.992499999999999716e-01
9.992499999999999716e-01
9.992499999999999716e-01
9.992499999999999716e-01
9.992499999999999716e-01
9.992499999999999716e-01
9.992499999999999716e-01
9.992499999999999716e-01
9.992499999999999716e-01
9.992499999999999716e-01
9.992499999999999716e-01
9.992499999999999716e-01
9.992499999999999716e-01
9.992499999999999716e-01
9.991659999999999986e-01
9.989280000000000381e-01
9.985990000000000144e-01
9.982509999999999994e-01
9.978669999999999485e-01
9.975140000000000118e-01
9.971790000000000376e-01
9.969400000000000484e-01
9.968770000000000131e-01
9.968620000000000259e-01
9.968479999999999563e-01
9.968369999999999731e-01
9.968249999999999611e-01
9.968160000000000354e-01
9.968059999999999699e-01
9.967979999999999619e-01
9.967899999999999539e-01
9.967829999999999746e-01
9.967759999999999954e-01
9.967690000000000161e-01
9.967639999999999834e-01
9.967580000000000329e-01
9.967519999999999714e-01
9.967470000000000496e-01
9.967420000000000169e-01
9.967369999999999841e-01
9.967329999999999801e-01
9.967289999999999761e-01
9.967249999999999721e-01
9.967209999999999681e-01
9.967169999999999641e-01
9.967129999999999601e-01
9.967099999999999849e-01
9.967059999999999809e-01
9.967030000000000056e-01
9.967000000000000304e-01
9.966970000000000551e-01
9.966949999999999976e-01
9.966920000000000224e-01
9.966890000000000471e-01
9.966869999999999896e-01
9.966840000000000144e-01
9.966819999999999569e-01
9.966800000000000104e-01
9.966779999999999529e-01
9.966760000000000064e-01
9.966739999999999489e-01
9.966720000000000024e-01
9.966699999999999449e-01
9.966679999999999984e-01
9.966669999999999696e-01
9.966650000000000231e-01
9.966639999999999944e-01
9.966620000000000479e-01
9.966610000000000191e-01
9.966589999999999616e-01
9.966580000000000439e-01
9.966570000000000151e-01
9.966559999999999864e-01
9.966549999999999576e-01
9.966540000000000399e-01
9.966530000000000111e-01
9.966519999999999824e-01
9.966509999999999536e-01
9.966500000000000359e-01
9.966490000000000071e-01
9.966479999999999784e-01
9.966479999999999784e-01
9.966469999999999496e-01
9.966460000000000319e-01
9.966460000000000319e-01
9.966450000000000031e-01
9.966439999999999744e-01
9.966439999999999744e-01
9.966429999999999456e-01
9.966429999999999456e-01
9.966420000000000279e-01
9.966610000000000191e-01
9.967219999999999969e-01
9.967789999999999706e-01
9.968169999999999531e-01
9.968219999999999859e-01
9.967920000000000114e-01
9.967399999999999594e-01
9.966760000000000064e-01
9.966420000000000279e-01
9.966420000000000279e-01
9.966420000000000279e-01
9.966420000000000279e-01
9.966420000000000279e-01
9.966429999999999456e-01
9.966429999999999456e-01
9.966439999999999744e-01
9.966439999999999744e-01
9.966450000000000031e-01
9.966460000000000319e-01
9.966460000000000319e-01
9.966469999999999496e-01
9.966479999999999784e-01
9.966479999999999784e-01
9.966490000000000071e-01
9.966500000000000359e-01
9.966509999999999536e-01
9.966519999999999824e-01
9.966530000000000111e-01
9.966540000000000399e-01
9.966549999999999576e-01
9.966559999999999864e-01
9.966570000000000151e-01
9.966580000000000439e-01
9.966589999999999616e-01
9.966610000000000191e-01
9.966620000000000479e-01
9.966639999999999944e-01
9.966650000000000231e-01
9.966669999999999696e-01
9.966690000000000271e-01
9.966699999999999449e-01
9.966720000000000024e-01
9.966739999999999489e-01
9.966760000000000064e-01
9.966779999999999529e-01
9.966800000000000104e-01
9.966819999999999569e-01
9.966850000000000431e-01
9.966869999999999896e-01
9.966899999999999649e-01
9.966920000000000224e-01
9.966949999999999976e-01
9.966979999999999729e-01
9.967009999999999481e-01
9.967040000000000344e-01
9.967070000000000096e-01
9.967099999999999849e-01
9.967139999999999889e-01
9.967169999999999641e-01
9.967209999999999681e-01
9.967249999999999721e-01
9.967289999999999761e-01
9.967329999999999801e-01
9.967380000000000129e-01
9.967430000000000456e-01
9.967479999999999674e-01
9.967530000000000001e-01
9.967580000000000329e-01
9.967639999999999834e-01
9.967700000000000449e-01
9.967770000000000241e-01
9.967840000000000034e-01
9.967909999999999826e-01
9.967989999999999906e-01
9.968069999999999986e-01
9.968169999999999531e-01
9.968270000000000186e-01
9.968380000000000019e-01
9.968500000000000139e-01
9.968639999999999723e-01
9.968789999999999596e-01
9.969620000000000148e-01
9.972130000000000161e-01
9.975549999999999695e-01
9.979099999999999637e-01
9.982929999999999859e-01
9.986380000000000257e-01
9.989599999999999591e-01
9.991870000000000474e-01
9.992499999999999716e-01
9.992499999999999716e-01
9.992499999999999716e-01
9.992499999999999716e-01
9.992499999999999716e-01
9.992499999999999716e-01
9.992499999999999716e-01
9.992499999999999716e-01
9.992499999999999716e-01
9.992499999999999716e-01
9.992499999999999716e-01
9.992499999999999716e-01
9.992499999999999716e-01
9.992499999999999716e-01
9.992499999999999716e-01
9.992499999999999716e-01
9.992499999999999716e-01
9.992499999999999716e-01
9.992499999999999716e-01
9.992499999999999716e-01
9.992499999999999716e-01
9.992499999999999716e-01
9.992499999999999716e-01
9.992499999999999716e-01
9.992499999999999716e-01
9.992499999999999716e-01
9.992499999999999716e-01
9.992499999999999716e-01
9.992499999999999716e-01
9.992499999999999716e-01
9.992499999999999716e-01
9.992499999999999716e-01
9.992499999999999716e-01
9.992499999999999716e-01
9.992499999999999716e-01
9.992499999999999716e-01
9.992499999999999716e-01
9.992499999999999716e-01
9.992499999999999716e-01
9.992499999999999716e-01
9.992499999999999716e-01
9.992499999999999716e-01
9.992499999999999716e-01
9.992499999999999716e-01
9.992499999999999716e-01
9.992499999999999716e-01
9.992499999999999716e-01
9.992499999999999716e-01
9.992499999999999716e-01
9.992499999999999716e-01
9.992499999999999716e-01
9.992499999999999716e-01
9.992499999999999716e-01
9.992499999999999716e-01
9.992499999999999716e-01
9.992499999999999716e-01
9.992499999999999716e-01
9.992499999999999716e-01
9.992499999999999716e-01
9.992499999999999716e-01
9.992499999999999716e-01
9.992499999999999716e-01
9.992499999999999716e-01
9.992499999999999716e-01
9.992499999999999716e-01
9.992499999999999716e-01
9.992499999999999716e-01
9.992499999999999716e-01
9.992499999999999716e-01
9.992499999999999716e-01
9.992499999999999716e-01
9.992499999999999716e-01
9.992499999999999716e-01
9.992499999999999716e-01
9.992499999999999716e-01
9.992499999999999716e-01
9.992499999999999716e-01
9.992499999999999716e-01
9.992499999999999716e-01
9.992499999999999716e-01
9.992499999999999716e-01
9.992499999999999716e-01
9.992499999999999716e-01
9.992499999999999716e-01
9.992499999999999716e-01
9.992499999999999716e-01
9.992499999999999716e-01
9.992499999999999716e-01
9.992499999999999716e-01
9.992499999999999716e-01
9.992499999999999716e-01
9.992499999999999716e-01
9.992499999999999716e-01
9.992499999999999716e-01
9.992499999999999716e-01
9.992499999999999716e-01
9.992499999999999716e-01
9.992499999999999716e-01
9.992499999999999716e-01
9.992499999999999716e-01
9.992499999999999716e-01
9.992499999999999716e-01
9.992499999999999716e-01
9.992499999999999716e-01
9.992499999999999716e-01
9.992499999999999716e-01
9.992499999999999716e-01
9.992499999999999716e-01
9.992499999999999716e-01
9.992499999999999716e-01
9.992499999999999716e-01
9.992499999999999716e-01
9.992499999999999716e-01
9.992499999999999716e-01
9.992499999999999716e-01
9.992499999999999716e-01
9.992499999999999716e-01
9.992499999999999716e-01
9.992499999999999716e-01
9.992499999999999716e-01
9.992499999999999716e-01
9.992499999999999716e-01
9.992499999999999716e-01
9.992499999999999716e-01
9.992499999999999716e-01
9.992499999999999716e-01
9.992499999999999716e-01
9.992499999999999716e-01
9.992499999999999716e-01
9.992499999999999716e-01
9.992499999999999716e-01
9.992499999999999716e-01
9.992499999999999716e-01
9.992499999999999716e-01
9.992499999999999716e-01
9.992499999999999716e-01
9.992499999999999716e-01
9.992499999999999716e-01
9.992499999999999716e-01
9.992499999999999716e-01
9.992499999999999716e-01
9.992499999999999716e-01
9.992499999999999716e-01
9.992499999999999716e-01
9.992499999999999716e-01
9.992499999999999716e-01
9.992499999999999716e-01
9.992499999999999716e-01
9.992499999999999716e-01
9.992499999999999716e-01
9.992499999999999716e-01
9.992499999999999716e-01
9.992499999999999716e-01
9.992499999999999716e-01
9.992499999999999716e-01
9.992499999999999716e-01
9.992499999999999716e-01
9.992499999999999716e-01
9.992499999999999716e-01
9.992499999999999716e-01
9.992499999999999716e-01
9.992499999999999716e-01
9.992499999999999716e-01
9.992499999999999716e-01
9.992499999999999716e-01
9.992499999999999716e-01
9.992499999999999716e-01
