9.982029999999999514e-01
9.982029999999999514e-01
9.982039999999999802e-01
9.982039999999999802e-01
9.982039999999999802e-01
9.982039999999999802e-01
9.982050000000000090e-01
9.982050000000000090e-01
9.982050000000000090e-01
9.982050000000000090e-01
9.982060000000000377e-01
9.982060000000000377e-01
9.982060000000000377e-01
9.982060000000000377e-01
9.982069999999999554e-01
9.982069999999999554e-01
9.982069999999999554e-01
9.982069999999999554e-01
9.982079999999999842e-01
9.982079999999999842e-01
9.982079999999999842e-01
9.982079999999999842e-01
9.982079999999999842e-01
9.982090000000000130e-01
9.982090000000000130e-01
9.982090000000000130e-01
9.982090000000000130e-01
9.982100000000000417e-01
9.982100000000000417e-01
9.982100000000000417e-01
9.982100000000000417e-01
9.982109999999999594e-01
9.982109999999999594e-01
9.982109999999999594e-01
9.982109999999999594e-01
9.982119999999999882e-01
9.982119999999999882e-01
9.982119999999999882e-01
9.982119999999999882e-01
9.982130000000000170e-01
9.982130000000000170e-01
9.982130000000000170e-01
9.982130000000000170e-01
9.982140000000000457e-01
9.982140000000000457e-01
9.982140000000000457e-01
9.982140000000000457e-01
9.982149999999999634e-01
9.982149999999999634e-01
9.982149999999999634e-01
9.982149999999999634e-01
9.982159999999999922e-01
9.982159999999999922e-01
9.982159999999999922e-01
9.982159999999999922e-01
9.982170000000000210e-01
9.982170000000000210e-01
9.982170000000000210e-01
9.982170000000000210e-01
9.982180000000000497e-01
9.982180000000000497e-01
9.982180000000000497e-01
9.982180000000000497e-01
9.982189999999999674e-01
9.982189999999999674e-01
9.982189999999999674e-01
9.982189999999999674e-01
9.982199999999999962e-01
9.982199999999999962e-01
9.982199999999999962e-01
9.982199999999999962e-01
9.982210000000000250e-01
9.982210000000000250e-01
9.982210000000000250e-01
9.982210000000000250e-01
9.982220000000000537e-01
9.982220000000000537e-01
9.982220000000000537e-01
9.982220000000000537e-01
9.982229999999999714e-01
9.982229999999999714e-01
9.982229999999999714e-01
9.982240000000000002e-01
9.982240000000000002e-01
9.982240000000000002e-01
9.982240000000000002e-01
9.982250000000000290e-01
9.982250000000000290e-01
9.982250000000000290e-01
9.982250000000000290e-01
9.982259999999999467e-01
9.982259999999999467e-01
9.982259999999999467e-01
9.982259999999999467e-01
9.982269999999999754e-01
9.982269999999999754e-01
9.982269999999999754e-01
9.982269999999999754e-01
9.982280000000000042e-01
9.982280000000000042e-01
9.982280000000000042e-01
9.982280000000000042e-01
9.982290000000000330e-01
9.982290000000000330e-01
9.982290000000000330e-01
9.982290000000000330e-01
9.982299999999999507e-01
9.982299999999999507e-01
9.982299999999999507e-01
9.982299999999999507e-01
9.982309999999999794e-01
9.982309999999999794e-01
9.982309999999999794e-01
9.982309999999999794e-01
9.982320000000000082e-01
9.982320000000000082e-01
9.982320000000000082e-01
9.982320000000000082e-01
9.982330000000000370e-01
9.982330000000000370e-01
9.982330000000000370e-01
9.982330000000000370e-01
9.982339999999999547e-01
9.982339999999999547e-01
9.982339999999999547e-01
9.982339999999999547e-01
9.982349999999999834e-01
9.982349999999999834e-01
9.982349999999999834e-01
9.982349999999999834e-01
9.982360000000000122e-01
9.982360000000000122e-01
9.982360000000000122e-01
9.982360000000000122e-01
9.982370000000000410e-01
9.982370000000000410e-01
9.982370000000000410e-01
9.982379999999999587e-01
9.982379999999999587e-01
9.982379999999999587e-01
9.982379999999999587e-01
9.982389999999999874e-01
9.982389999999999874e-01
9.982389999999999874e-01
9.982389999999999874e-01
9.982400000000000162e-01
9.982400000000000162e-01
9.982400000000000162e-01
9.982400000000000162e-01
9.982410000000000450e-01
9.982410000000000450e-01
9.982410000000000450e-01
9.982410000000000450e-01
9.982419999999999627e-01
9.982419999999999627e-01
9.982419999999999627e-01
9.982419999999999627e-01
9.982429999999999914e-01
9.982429999999999914e-01
9.982429999999999914e-01
9.982440000000000202e-01
9.982440000000000202e-01
9.982440000000000202e-01
9.982440000000000202e-01
9.982450000000000490e-01
9.982450000000000490e-01
9.982440000000000202e-01
9.980700000000000127e-01
9.977949999999999875e-01
9.974439999999999973e-01
9.970849999999999991e-01
9.967009999999999481e-01
9.963579999999999659e-01
9.960510000000000197e-01
9.958860000000000490e-01
9.958679999999999755e-01
9.958529999999999882e-01
9.958409999999999762e-01
9.958299999999999930e-01
9.958190000000000097e-01
9.958099999999999730e-01
9.958019999999999650e-01
9.957939999999999570e-01
9.957859999999999490e-01
9.957799999999999985e-01
9.957730000000000192e-01
9.957669999999999577e-01
9.957610000000000072e-01
9.957559999999999745e-01
9.957510000000000527e-01
9.957460000000000200e-01
9.957409999999999872e-01
9.957369999999999832e-01
9.957329999999999792e-01
9.957289999999999752e-01
9.957249999999999712e-01
9.957209999999999672e-01
9.957179999999999920e-01
9.957150000000000167e-01
9.957120000000000415e-01
9.957089999999999552e-01
9.957059999999999800e-01
9.957030000000000047e-01
9.957000000000000295e-01
9.956979999999999720e-01
9.956960000000000255e-01
9.956930000000000502e-01
9.956909999999999927e-01
9.956890000000000462e-01
9.956869999999999887e-01
9.956850000000000422e-01
9.956829999999999847e-01
9.956810000000000382e-01
9.956800000000000095e-01
9.956779999999999520e-01
9.956770000000000342e-01
9.956749999999999767e-01
9.956739999999999480e-01
9.956730000000000302e-01
9.956709999999999727e-01
9.956700000000000550e-01
9.956690000000000262e-01
9.956679999999999975e-01
9.956669999999999687e-01
9.956660000000000510e-01
9.956650000000000222e-01
9.956639999999999935e-01
9.956639999999999935e-01
9.956629999999999647e-01
9.956620000000000470e-01
9.956610000000000182e-01
9.956610000000000182e-01
9.956610000000000182e-01
9.956599999999999895e-01
9.956589999999999607e-01
9.956589999999999607e-01
9.956580000000000430e-01
9.956580000000000430e-01
9.956580000000000430e-01
9.956570000000000142e-01
9.956570000000000142e-01
9.956570000000000142e-01
9.956580000000000430e-01
9.956580000000000430e-01
9.956580000000000430e-01
9.956589999999999607e-01
9.956589999999999607e-01
9.956589999999999607e-01
9.956589999999999607e-01
9.956599999999999895e-01
9.956599999999999895e-01
9.956599999999999895e-01
9.956599999999999895e-01
9.956610000000000182e-01
9.956610000000000182e-01
9.956610000000000182e-01
9.956620000000000470e-01
9.956620000000000470e-01
9.956620000000000470e-01
9.956620000000000470e-01
9.956629999999999647e-01
9.956639999999999935e-01
9.956650000000000222e-01
9.956660000000000510e-01
9.956669999999999687e-01
9.956679999999999975e-01
9.956690000000000262e-01
9.956700000000000550e-01
9.956709999999999727e-01
9.956720000000000015e-01
9.956730000000000302e-01
9.956749999999999767e-01
9.956760000000000055e-01
9.956770000000000342e-01
9.956789999999999807e-01
9.956800000000000095e-01
9.956819999999999560e-01
9.956829999999999847e-01
9.956850000000000422e-01
9.956859999999999600e-01
9.956880000000000175e-01
9.956899999999999640e-01
9.956920000000000215e-01
9.956939999999999680e-01
9.956960000000000255e-01
9.956979999999999720e-01
9.957179999999999920e-01
9.958399999999999475e-01
9.960200000000000164e-01
9.962090000000000112e-01
9.964039999999999564e-01
9.965540000000000509e-01
9.966450000000000031e-01
9.966460000000000319e-01
9.965610000000000301e-01
9.964169999999999972e-01
9.962290000000000312e-01
9.960470000000000157e-01
9.958730000000000082e-01
9.957549999999999457e-01
9.957399999999999585e-01
9.957430000000000447e-01
9.957470000000000487e-01
9.957510000000000527e-01
9.957549999999999457e-01
9.957589999999999497e-01
9.957639999999999825e-01
9.957690000000000152e-01
9.957740000000000480e-01
9.957789999999999697e-01
9.957840000000000025e-01
9.957899999999999530e-01
9.957960000000000145e-01
9.958019999999999650e-01
9.958090000000000552e-01
9.958160000000000345e-01
9.958230000000000137e-01
9.958310000000000217e-01
9.958399999999999475e-01
9.958489999999999842e-01
9.958590000000000497e-01
9.958700000000000330e-01
9.958810000000000162e-01
9.958949999999999747e-01
9.959099999999999620e-01
9.959310000000000107e-01
9.961229999999999807e-01
9.964389999999999636e-01
9.967859999999999498e-01
9.971710000000000296e-01
9.975289999999999990e-01
9.978749999999999565e-01
9.981419999999999737e-01
9.982910000000000394e-01
9.982910000000000394e-01
9.982910000000000394e-01
9.982910000000000394e-01
9.982919999999999572e-01
9.982919999999999572e-01
9.982919999999999572e-01
9.982929999999999859e-01
9.982929999999999859e-01
9.982929999999999859e-01
9.982929999999999859e-01
9.982940000000000147e-01
9.982940000000000147e-01
9.982940000000000147e-01
9.982950000000000434e-01
9.982950000000000434e-01
9.982950000000000434e-01
9.982950000000000434e-01
9.982959999999999612e-01
9.982959999999999612e-01
9.982959999999999612e-01
9.982969999999999899e-01
9.982969999999999899e-01
9.982969999999999899e-01
9.982969999999999899e-01
9.982980000000000187e-01
9.982980000000000187e-01
9.982980000000000187e-01
9.982980000000000187e-01
9.982990000000000475e-01
9.982990000000000475e-01
9.982990000000000475e-01
9.982999999999999652e-01
9.982999999999999652e-01
9.982999999999999652e-01
9.982999999999999652e-01
9.983009999999999939e-01
9.983009999999999939e-01
9.983009999999999939e-01
9.983020000000000227e-01
9.983020000000000227e-01
9.983020000000000227e-01
9.983020000000000227e-01
9.983030000000000515e-01
9.983030000000000515e-01
9.983030000000000515e-01
9.983039999999999692e-01
9.983039999999999692e-01
9.983039999999999692e-01
9.983039999999999692e-01
9.983049999999999979e-01
9.983049999999999979e-01
9.983049999999999979e-01
9.983060000000000267e-01
9.983060000000000267e-01
9.983060000000000267e-01
9.983060000000000267e-01
9.983070000000000555e-01
9.983070000000000555e-01
9.983070000000000555e-01
9.983079999999999732e-01
9.983079999999999732e-01
9.983079999999999732e-01
9.983079999999999732e-01
9.983090000000000019e-01
9.983090000000000019e-01
9.983090000000000019e-01
9.983100000000000307e-01
9.983100000000000307e-01
9.983100000000000307e-01
9.983109999999999484e-01
9.983109999999999484e-01
9.983109999999999484e-01
9.983109999999999484e-01
9.983119999999999772e-01
9.983119999999999772e-01
9.983119999999999772e-01
9.983130000000000059e-01
9.983130000000000059e-01
9.983130000000000059e-01
9.983130000000000059e-01
9.983140000000000347e-01
9.983140000000000347e-01
9.983140000000000347e-01
9.983149999999999524e-01
9.983149999999999524e-01
9.983149999999999524e-01
9.983149999999999524e-01
9.983159999999999812e-01
9.983159999999999812e-01
9.983159999999999812e-01
9.983170000000000099e-01
9.983170000000000099e-01
9.983170000000000099e-01
9.983170000000000099e-01
9.983180000000000387e-01
9.983180000000000387e-01
9.983180000000000387e-01
9.983189999999999564e-01
9.983189999999999564e-01
9.983189999999999564e-01
9.983199999999999852e-01
9.983199999999999852e-01
9.983199999999999852e-01
9.983199999999999852e-01
9.983210000000000139e-01
9.983210000000000139e-01
9.983210000000000139e-01
9.983220000000000427e-01
9.983220000000000427e-01
9.983220000000000427e-01
9.983220000000000427e-01
9.983229999999999604e-01
9.983229999999999604e-01
9.983229999999999604e-01
9.983239999999999892e-01
9.983239999999999892e-01
9.983239999999999892e-01
9.983250000000000179e-01
9.983250000000000179e-01
9.983250000000000179e-01
9.983250000000000179e-01
9.983260000000000467e-01
9.983260000000000467e-01
9.983260000000000467e-01
9.983269999999999644e-01
9.983269999999999644e-01
9.983269999999999644e-01
9.983269999999999644e-01
9.983279999999999932e-01
9.983279999999999932e-01
9.983279999999999932e-01
9.983290000000000219e-01
9.983290000000000219e-01
9.983290000000000219e-01
9.983300000000000507e-01
9.983300000000000507e-01
9.983300000000000507e-01
9.983300000000000507e-01
9.983309999999999684e-01
9.983309999999999684e-01
9.983309999999999684e-01
9.983319999999999972e-01
9.983319999999999972e-01
9.983319999999999972e-01
9.983319999999999972e-01
9.983330000000000259e-01
9.983330000000000259e-01
9.983330000000000259e-01
9.983340000000000547e-01
9.983340000000000547e-01
9.983340000000000547e-01
9.983349999999999724e-01
9.983349999999999724e-01
9.983349999999999724e-01
9.983349999999999724e-01
9.983360000000000012e-01
9.983360000000000012e-01
9.983360000000000012e-01
9.983370000000000299e-01
9.983370000000000299e-01
9.983370000000000299e-01
9.983379999999999477e-01
9.983379999999999477e-01
9.983379999999999477e-01
9.983379999999999477e-01
9.983389999999999764e-01
